12.7854	0.0000	-1.8678	-10.92	-0.00	-10.92	0.08	0.07	1.01	-0.85	0.48	94.02	
12.2392	0.0000	-1.1100	-11.13	-0.00	-11.13	0.03	-0.02	0.99	-0.82	0.46	94.77	
11.7343	0.0000	-1.0281	-10.71	-0.00	-10.71	0.03	0.05	1.00	-0.78	0.45	94.80	
10.9320	0.0000	-1.6317	-9.30	-0.00	-9.30	0.02	-0.03	0.99	-0.73	0.44	95.74	
10.6424	0.0000	-0.5902	-10.05	-0.00	-10.05	0.06	-0.04	0.99	-0.71	0.43	95.77	
10.0106	0.0000	-1.2839	-8.73	-0.00	-8.73	-0.01	0.07	1.00	-0.67	0.43	95.70	
9.6558	0.0000	-0.7229	-8.93	-0.00	-8.93	0.06	-0.08	0.98	-0.64	0.42	95.73	
8.9750	0.0000	-1.3839	-7.59	-0.00	-7.59	0.01	0.06	1.00	-0.60	0.42	95.94	
8.6834	0.0000	-0.5937	-8.09	-0.00	-8.09	0.07	0.03	0.99	-0.58	0.40	95.98	
8.8161	0.0000	0.2698	-9.09	-0.00	-9.09	0.00	0.11	1.01	-0.59	0.40	95.25	
9.3434	0.0000	1.0745	-10.42	-0.00	-10.42	0.04	-0.02	0.99	-0.62	0.39	95.26	
9.4258	0.0000	0.1676	-9.59	-0.00	-9.59	0.03	0.06	1.00	-0.63	0.38	96.30	
9.1152	0.0000	-0.6325	-8.48	-0.00	-8.48	0.04	-0.03	0.99	-0.61	0.38	96.32	
8.9094	0.0000	-0.4184	-8.49	-0.00	-8.49	0.04	0.02	0.99	-0.59	0.37	94.36	
8.7845	0.0000	-0.2544	-8.53	-0.00	-8.53	0.02	0.07	1.01	-0.59	0.37	94.36	
8.9488	0.0000	0.3340	-9.28	-0.00	-9.28	0.03	-0.00	0.99	-0.60	0.37	96.06	
8.9854	0.0000	0.0745	-9.06	-0.00	-9.06	0.02	0.05	0.99	-0.60	0.36	96.08	
8.9087	0.0000	-0.1559	-8.75	-0.00	-8.75	0.03	0.02	0.99	-0.59	0.36	94.50	
9.0264	0.0000	0.2398	-9.27	-0.00	-9.27	0.04	0.02	1.00	-0.60	0.35	94.51	
9.1196	0.0000	0.1894	-9.31	-0.00	-9.31	0.03	0.04	1.01	-0.61	0.35	95.71	
9.2238	0.0000	0.2122	-9.44	-0.00	-9.44	0.02	0.00	0.99	-0.61	0.35	95.04	
9.3016	0.0000	0.1582	-9.46	-0.00	-9.46	0.03	0.02	1.00	-0.62	0.34	95.05	
9.2811	0.0000	-0.0416	-9.24	-0.00	-9.24	0.03	0.02	1.00	-0.62	0.34	96.20	
9.2925	0.0000	0.0232	-9.32	-0.00	-9.32	0.02	-0.00	0.99	-0.62	0.33	96.21	
9.1696	0.0000	-0.2504	-8.92	-0.00	-8.92	0.03	0.01	1.00	-0.61	0.33	96.24	
8.8755	0.0000	-0.5980	-8.28	-0.00	-8.28	0.03	-0.02	0.99	-0.59	0.32	96.25	
8.4461	0.0000	-0.8746	-7.57	-0.00	-7.57	0.03	-0.00	0.99	-0.56	0.32	96.09	
7.8464	0.0000	-1.2189	-6.63	-0.00	-6.63	0.03	0.00	1.00	-0.52	0.32	96.11	
7.1552	0.0000	-1.4082	-5.75	-0.00	-5.75	0.03	-0.01	0.99	-0.48	0.31	95.81	
6.2888	0.0000	-1.7612	-4.53	-0.00	-4.53	0.03	0.01	0.99	-0.42	0.31	95.84	
5.2808	0.0000	-2.0533	-3.23	-0.00	-3.23	0.03	0.01	1.00	-0.35	0.31	95.29	
4.2655	0.0000	-2.0635	-2.20	-0.00	-2.20	0.03	0.01	0.98	-0.28	0.31	95.30	
3.1876	0.0000	-2.1960	-0.99	-0.00	-0.99	0.03	0.03	0.99	-0.21	0.30	96.20	
2.1535	0.0000	-2.1019	-0.05	-0.00	-0.05	0.02	0.03	1.00	-0.14	0.30	96.22	
1.1741	0.0000	-1.9952	0.82	-0.00	0.82	0.03	0.05	0.99	-0.08	0.30	96.50	
0.2721	0.0000	-1.8333	1.56	-0.00	1.56	0.03	0.05	0.98	-0.02	0.30	96.53	
-0.5060	0.0000	-1.5856	2.09	-0.00	2.09	0.03	0.06	1.00	0.03	0.29	95.82	
-1.1438	0.0000	-1.2961	2.44	-0.00	2.44	0.04	0.06	1.00	0.08	0.29	95.83	
-1.6436	0.0000	-1.0183	2.66	-0.00	2.66	0.02	0.05	1.00	0.11	0.29	96.29	
-2.0358	0.0000	-0.7970	2.83	-0.00	2.83	0.02	0.04	0.99	0.14	0.29	96.30	
-2.4480	0.0000	-0.8399	3.29	-0.00	3.29	0.02	0.02	1.00	0.16	0.28	96.15	
-2.9209	0.0000	-0.9612	3.88	-0.00	3.88	0.03	0.00	0.99	0.19	0.28	96.17	
-3.5905	0.0000	-1.3638	4.95	-0.00	4.95	0.04	-0.00	0.98	0.24	0.27	95.49	
-4.5121	0.0000	-1.8737	6.39	-0.00	6.39	0.04	0.01	1.00	0.30	0.26	95.52	
-5.5934	0.0000	-2.2014	7.79	-0.00	7.79	0.03	0.02	0.99	0.37	0.26	94.74	
-6.6473	0.0000	-2.1436	8.79	-0.00	8.79	0.03	0.02	1.00	0.44	0.26	94.76	
-7.7494	0.0000	-2.2443	9.99	-0.00	9.99	0.03	0.05	0.99	0.52	0.26	95.96	
-8.8107	0.0000	-2.1579	10.97	-0.00	10.97	0.03	0.05	0.99	0.59	0.25	95.98	
-9.8362	0.0000	-2.0894	11.93	-0.00	11.93	0.02	0.05	0.99	0.66	0.25	93.60	
-10.8239	0.0000	-2.0074	12.83	-0.00	12.83	0.03	0.07	1.00	0.72	0.25	93.62	
-11.7038	0.0000	-1.7928	13.50	-0.00	13.50	0.03	0.07	1.00	0.78	0.24	94.81	
-12.4459	0.0000	-1.5083	13.95	-0.00	13.95	0.03	0.06	1.00	0.83	0.24	94.84	
-13.0499	0.0000	-1.2304	14.28	-0.00	14.28	0.03	0.06	1.00	0.87	0.23	94.35	
-13.6184	0.0000	-1.1557	14.77	-0.00	14.77	0.03	0.05	0.99	0.91	0.22	94.37	
-14.1987	0.0000	-1.1820	15.38	-0.00	15.38	0.03	0.05	1.00	0.95	0.21	93.95	
-14.7559	0.0000	-1.1326	15.89	-0.00	15.89	0.03	0.05	1.00	0.98	0.20	93.97	
-15.3142	0.0000	-1.1373	16.45	-0.00	16.45	0.03	0.04	0.99	1.02	0.20	93.99	
-15.8552	0.0000	-1.0996	16.95	-0.00	16.95	0.03	0.04	0.99	1.06	0.20	94.36	
-16.4443	0.0000	-1.2002	17.64	-0.00	17.64	0.03	0.06	1.00	1.10	0.19	94.37	
-16.9953	0.0000	-1.1197	18.12	-0.00	18.12	0.02	0.04	1.00	1.13	0.19	94.42	
-17.5434	0.0000	-1.1167	18.66	-0.00	18.66	0.03	0.05	1.00	1.17	0.18	94.43	
-18.0790	0.0000	-1.0885	19.17	-0.00	19.17	0.03	0.05	0.99	1.21	0.18	94.09	
-18.6067	0.0000	-1.0752	19.68	-0.00	19.68	0.03	0.06	1.00	1.24	0.17	94.11	
-19.1276	0.0000	-1.0586	20.19	-0.00	20.19	0.03	0.05	0.99	1.28	0.16	93.84	
-19.7401	0.0000	-1.2480	20.99	-0.00	20.99	0.03	0.03	1.00	1.32	0.16	93.85	
-20.5005	0.0000	-1.5455	22.05	-0.00	22.05	0.04	0.02	1.00	1.37	0.16	92.63	
-21.4192	0.0000	-1.8706	23.29	-0.00	23.29	0.03	0.03	0.99	1.43	0.16	92.64	
-22.4615	0.0000	-2.1192	24.58	-0.00	24.58	0.02	0.04	0.99	1.50	0.16	91.80	
-23.5327	0.0000	-2.1826	25.72	-0.00	25.72	0.03	0.05	0.99	1.57	0.15	91.81	
-24.6126	0.0000	-2.1950	26.81	-0.00	26.81	0.03	0.06	1.00	1.64	0.14	93.43	
-25.5892	0.0000	-1.9899	27.58	-0.00	27.58	0.03	0.03	0.99	1.71	0.14	93.44	
-26.3389	0.0000	-1.5237	27.86	-0.00	27.86	0.04	0.07	0.99	1.76	0.13	92.64	
-26.0804	0.0000	0.5264	25.55	-0.00	25.55	0.04	0.04	1.04	1.74	0.13	92.64	
-25.0619	0.0000	2.0695	22.99	-0.00	22.99	0.06	0.00	1.01	1.67	0.14	92.61	
-24.2610	0.0000	1.6321	22.63	-0.00	22.63	0.05	0.02	0.99	1.62	0.15	92.58	
-24.2826	0.0000	-0.0440	24.33	-0.00	24.33	-0.00	0.03	0.97	1.62	0.16	92.40	
-24.6051	0.0000	-0.6578	25.26	-0.00	25.26	0.06	0.08	0.97	1.64	0.17	92.38	
-24.7529	0.0000	-0.2996	25.05	-0.00	25.05	0.00	0.04	0.98	1.65	0.18	91.55	
-24.5202	0.0000	0.4747	24.05	-0.00	24.05	-0.00	-0.01	1.03	1.63	0.20	91.52	
-23.9768	0.0000	1.1030	22.87	-0.00	22.87	0.03	-0.07	0.40	1.60	0.24	92.49	
-22.5854	0.0000	2.8331	19.75	-0.00	19.75	0.11	0.08	1.18	1.51	0.25	92.47	
-23.4344	0.0000	-1.7268	25.16	-0.00	25.16	0.01	0.10	0.98	1.56	0.22	92.39	
-22.8759	0.0000	1.1377	21.74	-0.00	21.74	0.01	-0.01	0.94	1.53	0.22	92.39	
-23.1206	0.0000	-0.4974	23.62	-0.00	23.62	0.07	0.30	0.94	1.54	0.26	91.72	
-22.0173	0.0000	2.2475	19.77	-0.00	19.77	-0.17	-0.45	1.22	1.47	0.16	91.92	
-20.4188	0.0000	3.2474	17.17	-0.00	17.17	-0.64	0.36	1.28	1.36	0.23	90.10	
-18.8888	0.0000	3.1223	15.77	-0.00	15.77	0.19	-0.01	0.75	1.26	0.30	89.96	
-15.3288	0.0000	7.2329	8.10	-0.00	8.10	0.28	0.16	0.99	1.02	0.23	90.87	
-14.6313	0.0000	1.4210	13.21	-0.00	13.21	-0.10	-0.05	1.00	0.98	0.24	90.84	
-12.8661	0.0000	3.5846	9.28	-0.00	9.28	0.02	-0.18	0.82	0.86	0.28	91.87	
-12.7855	0.0000	0.1643	12.62	-0.00	12.62	0.13	0.27	0.97	0.85	0.28	91.87	
-12.6480	0.0000	0.2797	12.37	-0.00	12.37	0.01	-0.14	1.05	0.84	0.28	91.77	
-12.5344	0.0000	0.2312	12.30	-0.00	12.30	-0.04	-0.01	0.93	0.84	0.31	91.37	
-13.5667	0.0000	-2.0983	15.66	-0.00	15.66	0.07	0.12	0.98	0.90	0.30	91.38	
-14.2877	0.0000	-1.4686	15.76	-0.00	15.76	0.03	0.09	1.03	0.95	0.30	90.78	
-14.3703	0.0000	-0.1679	14.54	-0.00	14.54	0.01	0.10	0.98	0.96	0.31	90.75	
-13.8614	0.0000	1.0380	12.82	-0.00	12.82	0.03	0.07	1.00	0.92	0.31	91.58	
-13.2832	0.0000	1.1758	12.11	-0.00	12.11	0.01	0.11	1.04	0.89	0.30	91.60	
-12.6734	0.0000	1.2420	11.43	-0.00	11.43	0.01	0.09	0.97	0.84	0.30	90.60	
-11.7965	0.0000	1.7826	10.01	-0.00	10.01	0.05	0.03	1.00	0.79	0.29	90.61	
-10.8224	0.0000	1.9846	8.84	-0.00	8.84	0.02	0.02	1.01	0.72	0.27	92.58	
-9.9876	0.0000	1.6966	8.29	-0.00	8.29	0.02	-0.01	0.99	0.67	0.27	92.59	
-9.4931	0.0000	1.0073	8.49	-0.00	8.49	0.05	-0.01	0.99	0.63	0.26	92.47	
-9.3619	0.0000	0.2667	9.10	-0.00	9.10	0.04	-0.00	0.99	0.62	0.25	92.49	
-9.4366	0.0000	-0.1522	9.59	-0.00	9.59	0.01	-0.01	1.01	0.63	0.25	92.23	
-9.6603	0.0000	-0.4546	10.11	-0.00	10.11	0.04	0.04	0.98	0.64	0.24	92.23	
-9.9000	0.0000	-0.4881	10.39	-0.00	10.39	0.04	0.05	1.00	0.66	0.24	92.60	
-10.1553	0.0000	-0.5192	10.67	-0.00	10.67	0.02	0.06	0.99	0.68	0.24	92.60	
-10.4181	0.0000	-0.5354	10.95	-0.00	10.95	0.04	0.05	0.98	0.69	0.23	92.79	
-10.7740	0.0000	-0.7235	11.50	-0.00	11.50	0.05	-0.01	0.97	0.72	0.23	92.80	
-11.6058	0.0000	-1.6941	13.30	-0.00	13.30	0.06	-0.05	0.98	0.77	0.24	92.75	
-12.6356	0.0000	-2.0934	14.73	-0.00	14.73	0.01	0.08	1.04	0.84	0.25	92.72	
-13.4734	0.0000	-1.7069	15.18	-0.00	15.18	-0.01	0.06	1.00	0.90	0.26	92.60	
-14.1694	0.0000	-1.4148	15.58	-0.00	15.58	-0.01	0.06	1.00	0.94	0.26	92.61	
-14.8102	0.0000	-1.3055	16.12	-0.00	16.12	0.02	0.06	1.01	0.99	0.24	91.15	
-15.3011	0.0000	-0.9978	16.30	-0.00	16.30	0.03	0.05	1.00	1.02	0.23	91.18	
-15.6996	0.0000	-0.8117	16.51	-0.00	16.51	0.06	0.08	0.99	1.05	0.21	90.54	
-15.9593	0.0000	-0.5279	16.49	-0.00	16.49	0.03	0.07	1.00	1.06	0.20	90.57	
-16.1086	0.0000	-0.3042	16.41	-0.00	16.41	0.01	0.07	1.01	1.07	0.20	92.52	
-16.2712	0.0000	-0.3304	16.60	-0.00	16.60	0.03	0.07	0.99	1.08	0.19	92.54	
-16.2930	0.0000	-0.0444	16.34	-0.00	16.34	0.03	0.05	1.00	1.09	0.19	91.63	
-16.1678	0.0000	0.2545	15.91	-0.00	15.91	0.04	0.07	0.99	1.08	0.18	91.64	
-15.9597	0.0000	0.4238	15.54	-0.00	15.54	0.02	0.05	0.99	1.06	0.17	91.27	
-15.7355	0.0000	0.4557	15.28	-0.00	15.28	0.03	0.05	0.99	1.05	0.16	91.29	
-15.5692	0.0000	0.3388	15.23	-0.00	15.23	0.02	0.02	0.99	1.04	0.16	91.08	
-15.5124	0.0000	0.1155	15.40	-0.00	15.40	0.04	0.02	0.99	1.03	0.15	91.10	
-15.5615	0.0000	-0.1000	15.66	-0.00	15.66	0.05	0.04	0.99	1.04	0.14	91.68	
-15.7355	0.0000	-0.3537	16.09	-0.00	16.09	0.03	0.03	0.99	1.05	0.14	91.92	
-15.9929	0.0000	-0.5246	16.52	-0.00	16.52	0.03	0.05	0.99	1.07	0.14	91.92	
-16.2872	0.0000	-0.5980	16.89	-0.00	16.89	0.03	0.05	0.99	1.09	0.14	91.71	
-16.5448	0.0000	-0.5245	17.07	-0.00	17.07	0.03	0.05	1.00	1.10	0.14	91.71	
-16.7049	0.0000	-0.3252	17.03	-0.00	17.03	0.03	0.06	1.00	1.11	0.14	92.48	
-16.7749	0.0000	-0.1428	16.92	-0.00	16.92	0.03	0.06	1.01	1.12	0.13	92.48	
-16.7367	0.0000	0.0777	16.66	-0.00	16.66	0.03	0.07	0.99	1.12	0.13	90.91	
-16.5643	0.0000	0.3511	16.21	-0.00	16.21	0.03	0.08	1.00	1.10	0.13	90.92	
-16.2364	0.0000	0.6665	15.57	-0.00	15.57	0.03	0.08	0.99	1.08	0.13	91.59	
-15.6805	0.0000	1.1320	14.55	-0.00	14.55	0.03	0.09	1.00	1.05	0.13	91.60	
-14.9422	0.0000	1.5003	13.44	-0.00	13.44	0.03	0.07	1.00	1.00	0.12	92.03	
-14.1000	0.0000	1.7190	12.38	-0.00	12.38	0.02	0.06	1.00	0.94	0.12	92.04	
-13.2300	0.0000	1.7661	11.46	-0.00	11.46	0.02	0.04	0.99	0.88	0.11	92.81	
-12.3418	0.0000	1.8085	10.53	-0.00	10.53	0.02	0.01	1.00	0.82	0.11	92.82	
-11.6393	0.0000	1.4287	10.21	-0.00	10.21	0.03	0.00	0.99	0.78	0.10	92.92	
-11.2045	0.0000	0.8862	10.32	-0.00	10.32	0.03	0.00	0.99	0.75	0.09	92.93	
-10.9948	0.0000	0.4251	10.57	-0.00	10.57	0.03	-0.00	0.99	0.73	0.09	93.57	
-11.0277	0.0000	-0.0672	11.09	-0.00	11.09	0.02	0.01	0.99	0.74	0.08	93.59	
-11.2587	0.0000	-0.4697	11.73	-0.00	11.73	0.03	0.02	0.99	0.75	0.07	93.74	
-11.5773	0.0000	-0.6491	12.23	-0.00	12.23	0.04	0.03	1.00	0.77	0.07	93.75	
-11.9202	0.0000	-0.6969	12.62	-0.00	12.62	0.03	0.05	0.99	0.79	0.06	93.05	
-12.2459	0.0000	-0.6636	12.91	-0.00	12.91	0.03	0.05	0.99	0.82	0.06	93.06	
-12.4854	0.0000	-0.4868	12.97	-0.00	12.97	0.03	0.08	0.99	0.83	0.06	93.04	
-12.5420	0.0000	-0.1152	12.66	-0.00	12.66	0.02	0.09	0.98	0.84	0.05	93.05	
-12.2445	0.0000	0.6047	11.64	-0.00	11.64	0.03	0.08	1.00	0.82	0.05	92.52	
-11.6787	0.0000	1.1526	10.53	-0.00	10.53	0.01	0.07	1.01	0.78	0.04	92.53	
-10.9955	0.0000	1.3886	9.61	-0.00	9.61	0.02	0.03	1.00	0.73	0.02	93.58	
-10.3643	0.0000	1.2860	9.08	-0.00	9.08	0.03	0.01	1.00	0.69	0.01	93.60	
-9.7868	0.0000	1.1737	8.61	-0.00	8.61	0.03	-0.01	0.98	0.65	-0.00	93.40	
-9.3795	0.0000	0.8299	8.55	-0.00	8.55	0.05	-0.01	1.00	0.63	-0.01	93.41	
-9.3516	0.0000	0.0567	9.29	-0.00	9.29	0.04	-0.01	0.99	0.62	-0.01	93.74	
-9.7345	0.0000	-0.7801	10.51	-0.00	10.51	0.04	0.01	0.98	0.65	-0.01	93.74	
-10.3386	0.0000	-1.2277	11.57	-0.00	11.57	0.03	0.01	0.99	0.69	-0.01	93.75	
-11.0650	0.0000	-1.4800	12.55	-0.00	12.55	0.02	0.03	1.00	0.74	-0.00	93.75	
-11.7740	0.0000	-1.4408	13.21	-0.00	13.21	0.02	0.04	1.00	0.78	0.00	92.02	
-12.4524	0.0000	-1.3810	13.83	-0.00	13.83	0.02	0.04	0.99	0.83	0.00	92.01	
-13.0695	0.0000	-1.2528	14.32	-0.00	14.32	0.01	0.03	1.00	0.87	0.00	92.04	
-13.6618	0.0000	-1.2092	14.87	-0.00	14.87	0.03	0.04	0.99	0.91	-0.00	91.98	
-14.2915	0.0000	-1.2798	15.57	-0.00	15.57	0.03	0.03	0.99	0.95	-0.01	91.99	
-14.9902	0.0000	-1.4235	16.41	-0.00	16.41	0.04	0.02	0.99	1.00	-0.01	91.76	
-15.7970	0.0000	-1.6398	17.44	-0.00	17.44	0.04	0.03	0.98	1.05	-0.01	91.77	
-16.6726	0.0000	-1.7838	18.46	-0.00	18.46	0.03	0.03	0.99	1.11	-0.01	91.44	
-17.5790	0.0000	-1.8427	19.42	-0.00	19.42	0.04	0.06	0.99	1.17	-0.01	91.44	
-18.2604	0.0000	-1.3879	19.65	-0.00	19.65	0.01	0.08	0.99	1.22	-0.01	92.92	
-18.7433	0.0000	-0.9816	19.72	-0.00	19.72	0.01	0.09	1.00	1.25	-0.02	92.94	
-19.0216	0.0000	-0.5666	19.59	-0.00	19.59	0.02	0.07	0.99	1.27	-0.03	91.15	
-19.1559	0.0000	-0.2731	19.43	-0.00	19.43	0.02	0.07	0.99	1.28	-0.05	91.18	
-19.0558	0.0000	0.2037	18.85	-0.00	18.85	0.03	0.05	1.01	1.27	-0.07	91.40	
-18.8190	0.0000	0.4816	18.34	-0.00	18.34	0.04	0.05	1.01	1.25	-0.09	91.44	
-18.4439	0.0000	0.7642	17.68	-0.00	17.68	0.03	0.04	0.99	1.23	-0.10	93.12	
-18.2228	0.0000	0.4495	17.77	-0.00	17.77	0.05	0.04	1.02	1.21	-0.12	93.16	
-18.0478	0.0000	0.3564	17.69	-0.00	17.69	0.02	0.06	1.02	1.20	-0.13	92.11	
-18.0576	0.0000	-0.0199	18.08	-0.00	18.08	-0.00	-0.02	0.99	1.20	-0.15	92.14	
-18.4306	0.0000	-0.7598	19.19	-0.00	19.19	-0.01	-0.03	1.02	1.23	-0.17	91.94	
-18.6798	0.0000	-0.5065	19.19	-0.00	19.19	-0.07	-0.03	1.03	1.25	-0.17	91.93	
-18.7140	0.0000	-0.0696	18.78	-0.00	18.78	0.07	-0.01	1.01	1.25	-0.18	92.22	
-18.6761	0.0000	0.0769	18.60	-0.00	18.60	0.05	0.05	1.02	1.25	-0.23	92.32	
-18.1100	0.0000	1.1532	16.96	-0.00	16.96	-0.03	0.05	1.00	1.21	-0.25	92.94	
-16.8557	0.0000	2.5493	14.31	-0.00	14.31	-0.11	-0.10	0.98	1.12	-0.25	92.94	
-16.0966	0.0000	1.5478	14.55	-0.00	14.55	-0.12	0.08	1.02	1.07	-0.28	93.96	
-15.6989	0.0000	0.8077	14.89	-0.00	14.89	-0.13	-0.05	0.98	1.05	-0.33	94.07	
-16.0743	0.0000	-0.7647	16.84	-0.00	16.84	-0.11	-0.01	0.92	1.07	-0.38	94.47	
-17.6754	0.0000	-3.2543	20.93	-0.00	20.93	-0.02	-0.03	0.97	1.18	-0.48	94.69	
-20.7570	0.0000	-6.2771	27.03	-0.00	27.03	-0.15	-0.07	1.00	1.38	-0.57	95.51	
-25.4045	0.0000	-9.4471	34.85	-0.00	34.85	-0.17	-0.05	1.05	1.69	-0.69	95.84	
-31.7146	0.0000	-12.8557	44.57	-0.00	44.57	-0.07	-0.05	1.01	2.11	-0.87	96.49	
-38.8348	0.0000	-14.4479	53.28	-0.00	53.28	-0.04	-0.02	1.07	2.59	-1.04	96.96	
-46.3501	0.0000	-15.3020	61.65	-0.00	61.65	0.07	0.11	1.07	3.09	-1.23	96.90	
-54.1433	0.0000	-15.8507	69.99	-0.00	69.99	0.16	0.17	0.98	3.61	-1.34	97.27	
-60.8485	0.0000	-13.6513	74.50	-0.00	74.50	0.10	0.04	1.02	4.06	-1.41	100.76	
-68.1265	0.0000	-14.7812	82.91	-0.00	82.91	0.13	0.30	0.88	4.54	-1.40	100.92	
-74.5508	0.0000	-13.0974	87.65	-0.00	87.65	0.11	0.04	0.94	4.97	-1.39	102.88	
-80.4645	0.0000	-12.0126	92.48	-0.00	92.48	0.07	0.19	1.00	5.36	-1.34	108.21	
-85.3178	0.0000	-9.8800	95.20	-0.00	95.20	0.04	0.11	1.16	5.69	-1.30	108.33	
-89.4195	0.0000	-8.3450	97.76	-0.00	97.76	0.20	0.22	1.00	5.96	-1.26	114.50	
-92.3441	0.0000	-5.9654	98.31	-0.00	98.31	0.01	-0.06	1.07	6.16	-1.17	114.50	
-94.5156	0.0000	-4.4110	98.93	-0.00	98.93	0.15	-0.10	1.01	6.30	-1.09	117.80	
-96.8009	0.0000	-4.6568	101.46	-0.00	101.46	0.04	-0.05	1.06	6.45	-1.01	117.81	
-99.1213	0.0000	-4.7159	103.84	-0.00	103.84	-0.08	-0.08	1.09	6.61	-0.97	121.78	
-101.5811	0.0000	-5.0094	106.59	-0.00	106.59	-0.20	-0.09	1.09	6.77	-0.99	121.97	
-104.0608	0.0000	-4.9973	109.06	-0.00	109.06	-0.30	-0.03	1.12	6.94	-1.12	125.74	
-106.1598	0.0000	-4.2416	110.40	-0.00	110.40	-0.24	0.11	1.17	7.08	-1.42	126.27	
-107.7424	0.0000	-3.1916	110.93	-0.00	110.93	-0.31	0.08	1.15	7.18	-1.86	129.57	
-108.8931	0.0000	-2.3224	111.22	-0.00	111.22	0.04	0.27	1.06	7.26	-2.41	130.30	
-109.2092	0.0000	-0.6372	109.85	-0.00	109.85	0.07	0.12	0.79	7.28	-3.03	134.00	
-108.9942	0.0000	0.4344	108.56	-0.00	108.56	-0.05	-0.05	0.97	7.27	-3.65	134.64	
-109.0322	0.0000	-0.0766	109.11	-0.00	109.11	0.16	0.10	1.02	7.27	-4.23	137.72	
-109.0744	0.0000	-0.0853	109.16	-0.00	109.16	0.08	-0.04	0.92	7.27	-4.77	138.25	
-109.5060	0.0000	-0.8695	110.38	-0.00	110.38	0.13	-0.10	0.86	7.30	-5.25	138.86	
-111.3948	0.0000	-3.8194	115.21	-0.00	115.21	-0.05	0.01	0.92	7.43	-5.70	139.44	
-113.3329	0.0000	-3.9024	117.24	-0.00	117.24	-0.06	-0.02	1.02	7.56	-6.21	142.86	
-115.6397	0.0000	-4.6592	120.30	-0.00	120.30	-0.18	0.20	1.08	7.71	-6.75	143.52	
-117.9766	0.0000	-4.7137	122.69	-0.00	122.69	-0.06	0.04	0.91	7.87	-7.32	145.94	
-119.5666	0.0000	-3.2097	122.78	-0.00	122.78	-0.13	-0.02	1.02	7.97	-7.91	146.51	
-121.0628	0.0000	-3.0137	124.08	-0.00	124.08	0.04	0.15	1.05	8.07	-8.52	149.76	
-122.3738	0.0000	-2.6496	125.02	-0.00	125.02	0.11	0.03	0.95	8.16	-9.07	150.23	
-122.6474	0.0000	-0.5509	123.20	-0.00	123.20	-0.08	-0.07	0.87	8.18	-9.53	152.49	
-123.1075	0.0000	-0.9297	124.04	-0.00	124.04	0.01	0.05	0.91	8.21	-9.91	152.74	
-123.2394	0.0000	-0.2656	123.50	-0.00	123.50	-0.10	-0.13	0.90	8.22	-10.25	153.85	
-124.0521	0.0000	-1.6445	125.70	-0.00	125.70	-0.10	-0.01	1.08	8.27	-10.58	154.09	
-126.0088	0.0000	-3.9456	129.95	-0.00	129.95	-0.19	-0.05	0.97	8.40	-10.96	158.33	
-128.2969	0.0000	-4.6256	132.92	-0.00	132.92	-0.14	0.00	0.90	8.55	-11.41	161.17	
-130.6931	0.0000	-4.8286	135.52	-0.00	135.52	-0.05	0.20	0.87	8.71	-11.92	161.53	
-132.9778	0.0000	-4.6150	137.59	-0.00	137.59	-0.07	-0.14	0.73	8.87	-12.46	164.31	
-134.7750	0.0000	-3.6222	138.40	-0.00	138.40	-0.23	-0.08	0.99	8.98	-12.96	164.55	
-137.3899	0.0000	-5.2821	142.67	-0.00	142.67	-0.11	0.18	0.90	9.16	-13.49	166.99	
-138.3074	0.0000	-1.8508	140.16	-0.00	140.16	-0.10	0.06	1.00	9.22	-13.98	167.13	
-139.2963	0.0000	-1.9959	141.29	-0.00	141.29	0.08	0.32	0.82	9.29	-14.46	171.51	
-139.1742	0.0000	0.2461	138.93	-0.00	138.93	-0.07	0.08	0.73	9.28	-14.95	171.52	
-139.1529	0.0000	0.0430	139.11	-0.00	139.11	-0.08	0.31	1.08	9.28	-15.43	173.89	
-138.9501	0.0000	0.4087	138.54	-0.00	138.54	0.09	0.21	0.99	9.26	-16.00	173.85	
-138.2049	0.0000	1.5054	136.70	-0.00	136.70	-0.05	0.32	1.33	9.21	-16.52	178.14	
-137.7975	0.0000	0.8210	136.98	-0.00	136.98	-0.10	0.22	1.12	9.19	-17.07	178.04	
-137.8943	0.0000	-0.1951	138.09	-0.00	138.09	-0.02	0.16	0.89	9.19	-17.68	-177.74	
-137.7916	0.0000	0.2053	137.59	-0.00	137.59	0.05	0.23	0.83	9.19	-18.31	-177.87	
-137.6902	0.0000	0.2031	137.49	-0.00	137.49	-0.02	0.29	0.94	9.18	-18.96	-175.20	
-136.5804	0.0000	2.2163	134.36	-0.00	134.36	0.14	0.25	1.02	9.11	-19.59	-175.44	
-134.7706	0.0000	3.6316	131.14	-0.00	131.14	0.13	0.15	0.94	8.98	-20.18	-173.50	
-132.8737	0.0000	3.7867	129.09	-0.00	129.09	0.10	0.06	1.11	8.86	-20.69	-173.78	
-131.8364	0.0000	2.0779	129.76	-0.00	129.76	0.07	0.18	1.00	8.79	-21.22	-171.63	
-131.0099	0.0000	1.6515	129.36	-0.00	129.36	0.08	0.15	1.05	8.73	-21.70	-171.84	
-129.8671	0.0000	2.2888	127.58	-0.00	127.58	-0.02	0.25	0.97	8.66	-22.21	-170.87	
-127.6045	0.0000	4.5223	123.08	-0.00	123.08	-0.11	0.19	1.10	8.51	-22.66	-171.18	
-124.8827	0.0000	5.4552	119.43	-0.00	119.43	0.04	0.11	0.92	8.33	-23.16	-169.53	
-121.6962	0.0000	6.3635	115.33	-0.00	115.33	-0.06	-0.14	1.16	8.11	-23.58	-169.91	
-119.0702	0.0000	5.2598	113.81	-0.00	113.81	0.11	0.07	1.01	7.94	-24.04	-169.55	
-115.7500	0.0000	6.6348	109.12	-0.00	109.12	0.03	-0.05	1.08	7.72	-24.44	-167.47	
-112.2252	0.0000	7.0602	105.17	-0.00	105.17	0.14	0.06	0.98	7.48	-24.82	-167.86	
-108.6768	0.0000	7.0922	101.58	-0.00	101.58	-0.11	0.02	0.98	7.25	-25.15	-166.07	
-104.5032	0.0000	8.3589	96.14	-0.00	96.14	0.07	0.10	0.96	6.97	-25.51	-166.51	
-100.0649	0.0000	8.8682	91.20	-0.00	91.20	-0.03	0.16	0.94	6.67	-25.83	-164.36	
-94.7376	0.0000	10.6714	84.07	-0.00	84.07	-0.02	0.00	0.95	6.32	-26.14	-164.88	
-89.4098	0.0000	10.7286	78.68	-0.00	78.68	0.02	0.08	0.97	5.96	-26.45	-162.74	
-83.6359	0.0000	11.6737	71.96	-0.00	71.96	-0.12	-0.09	1.18	5.58	-26.70	-163.26	
-78.6992	0.0000	9.9458	68.75	-0.00	68.75	0.26	0.10	0.99	5.25	-26.96	-160.85	
-74.7328	0.0000	8.0200	66.71	-0.00	66.71	0.10	0.17	0.90	4.98	-27.15	-161.23	
-70.7402	0.0000	8.0486	62.69	-0.00	62.69	-0.01	0.07	0.88	4.72	-27.33	-157.56	
-66.9689	0.0000	7.6112	59.36	-0.00	59.36	-0.05	0.21	1.10	4.46	-27.47	-157.91	
-62.3818	0.0000	9.2183	53.16	-0.00	53.16	-0.02	0.11	1.08	4.16	-27.59	-156.33	
-57.6594	0.0000	9.5653	48.09	-0.00	48.09	0.21	0.33	0.92	3.84	-27.67	-156.71	
-51.7105	0.0000	11.9655	39.74	-0.00	39.74	0.14	0.13	0.91	3.45	-27.68	-154.55	
-44.4393	0.0000	14.6965	29.74	-0.00	29.74	0.04	0.15	0.94	2.96	-27.61	-155.04	
-36.0016	0.0000	16.9926	19.01	-0.00	19.01	0.14	0.06	0.79	2.40	-27.49	-152.35	
-27.3707	0.0000	17.4329	9.94	-0.00	9.94	0.09	0.05	0.92	1.82	-27.29	-152.85	
-18.8524	0.0000	17.1700	1.68	-0.00	1.68	0.07	-0.18	0.85	1.26	-27.03	-150.44	
-11.8651	0.0000	14.1130	-2.25	-0.00	-2.25	0.02	-0.10	0.94	0.79	-26.69	-150.74	
-6.2373	0.0000	11.3416	-5.10	-0.00	-5.10	0.16	-0.11	0.86	0.42	-26.28	-149.90	
-1.4352	0.0000	9.7079	-8.27	-0.00	-8.27	-0.00	-0.01	0.87	0.10	-25.81	-149.95	
3.2528	0.0000	9.4402	-12.69	-0.00	-12.69	0.07	-0.03	0.86	-0.22	-25.30	-148.35	
7.5430	0.0000	8.6663	-16.21	-0.00	-16.21	0.00	0.20	0.97	-0.50	-24.79	-148.31	
12.5494	0.0000	10.0813	-22.63	-0.00	-22.63	0.07	0.23	0.99	-0.84	-24.24	-147.23	
18.5550	0.0000	12.1349	-30.69	-0.00	-30.69	0.00	0.18	0.91	-1.24	-23.64	-146.01	
25.5262	0.0000	14.0503	-39.58	-0.00	-39.58	0.12	-0.02	0.83	-1.70	-23.00	-146.07	
31.8490	0.0000	12.7759	-44.62	-0.00	-44.62	-0.02	0.03	0.87	-2.12	-22.34	-144.92	
38.4223	0.0000	13.2509	-51.67	-0.00	-51.67	-0.03	-0.13	0.93	-2.56	-21.67	-144.91	
43.9586	0.0000	11.1767	-55.14	-0.00	-55.14	-0.12	-0.10	1.03	-2.93	-20.95	-142.62	
49.0044	0.0000	10.1757	-59.18	-0.00	-59.18	0.07	-0.30	0.93	-3.27	-20.25	-142.35	
52.5219	0.0000	7.1026	-59.62	-0.00	-59.62	-0.11	-0.05	1.11	-3.50	-19.55	-143.52	
55.2292	0.0000	5.4560	-60.69	-0.00	-60.69	-0.17	-0.09	1.19	-3.68	-18.93	-143.10	
57.9205	0.0000	5.4358	-63.36	-0.00	-63.36	-0.22	-0.08	1.18	-3.86	-18.40	-139.86	
60.0095	0.0000	4.2112	-64.22	-0.00	-64.22	-0.30	0.06	1.16	-4.00	-17.97	-139.53	
61.9585	0.0000	3.9366	-65.90	-0.00	-65.90	-0.19	-0.09	1.16	-4.13	-17.68	-137.52	
63.0520	0.0000	2.2026	-65.25	-0.00	-65.25	-0.18	0.03	1.08	-4.20	-17.47	-137.33	
63.6406	0.0000	1.1895	-64.83	-0.00	-64.83	-0.11	-0.07	0.98	-4.24	-17.32	-134.91	
62.9407	0.0000	-1.4105	-61.53	-0.00	-61.53	0.06	0.07	0.94	-4.20	-17.20	-134.65	
61.7934	0.0000	-2.3195	-59.47	-0.00	-59.47	-0.01	-0.11	0.95	-4.12	-17.10	-131.94	
59.8244	0.0000	-3.9681	-55.86	-0.00	-55.86	0.03	-0.11	0.94	-3.99	-16.95	-131.47	
56.9069	0.0000	-5.8933	-51.01	-0.00	-51.01	0.05	-0.05	0.96	-3.79	-16.78	-131.33	
53.7886	0.0000	-6.2850	-47.50	-0.00	-47.50	0.01	-0.06	1.01	-3.59	-16.60	-130.68	
49.9489	0.0000	-7.7524	-42.20	-0.00	-42.20	-0.11	0.02	1.09	-3.33	-16.46	-130.30	
45.0663	0.0000	-9.8456	-35.22	-0.00	-35.22	-0.11	-0.31	0.92	-3.00	-16.33	-129.58	
37.8816	0.0000	-14.5216	-23.36	-0.00	-23.36	-0.19	-0.30	0.97	-2.53	-16.22	-128.21	
29.5952	0.0000	-16.6978	-12.90	-0.00	-12.90	-0.27	-0.10	1.20	-1.97	-16.10	-127.20	
22.2146	0.0000	-14.9075	-7.31	-0.00	-7.31	-0.44	-0.14	1.31	-1.48	-16.02	-126.89	
16.1686	0.0000	-12.1855	-3.98	-0.00	-3.98	-0.35	-0.10	1.16	-1.08	-15.93	-126.15	
9.2421	0.0000	-13.9887	4.75	-0.00	4.75	-0.22	-0.03	0.98	-0.62	-15.87	-125.98	
2.7291	0.0000	-13.1115	10.38	-0.00	10.38	-0.16	-0.06	0.90	-0.18	-15.82	-125.23	
-4.1548	0.0000	-13.9165	18.07	-0.00	18.07	-0.16	0.06	0.87	0.28	-15.78	-123.08	
-11.5003	0.0000	-14.8032	26.30	-0.00	26.30	-0.13	-0.15	0.83	0.77	-15.77	-123.11	
-19.2221	0.0000	-15.6102	34.83	-0.00	34.83	-0.01	-0.10	0.84	1.28	-15.76	-122.16	
-27.9263	0.0000	-17.5294	45.46	-0.00	45.46	-0.05	0.05	0.91	1.86	-15.73	-118.96	
-36.4991	0.0000	-17.3119	53.81	-0.00	53.81	-0.08	0.05	1.01	2.43	-15.68	-117.74	
-44.3321	0.0000	-15.7888	60.12	-0.00	60.12	-0.21	0.01	1.02	2.96	-15.62	-113.45	
-51.1475	0.0000	-13.7618	64.91	-0.00	64.91	-0.13	0.10	1.02	3.41	-15.62	-112.62	
-57.6049	0.0000	-13.0288	70.63	-0.00	70.63	-0.18	0.07	0.93	3.84	-15.62	-114.80	
-63.0206	0.0000	-10.9301	73.95	-0.00	73.95	-0.09	-0.09	0.84	4.20	-15.66	-114.17	
-69.0343	0.0000	-12.1134	81.15	-0.00	81.15	-0.16	0.20	0.90	4.60	-15.71	-108.83	
-75.1046	0.0000	-12.2656	87.37	-0.00	87.37	-0.14	-0.01	0.89	5.01	-15.77	-108.37	
-80.9580	0.0000	-11.7870	92.74	-0.00	92.74	-0.12	0.13	0.89	5.40	-15.84	-112.21	
-87.4571	0.0000	-13.1410	100.60	-0.00	100.60	0.07	0.05	0.76	5.83	-15.91	-111.59	
-93.6945	0.0000	-12.5665	106.26	-0.00	106.26	-0.06	0.02	0.92	6.25	-15.94	-112.98	
-100.9856	0.0000	-14.7208	115.71	-0.00	115.71	-0.07	0.17	0.98	6.73	-15.94	-111.69	
-107.8406	0.0000	-13.6945	121.54	-0.00	121.54	0.04	0.01	0.89	7.19	-15.91	-118.54	
-114.9055	0.0000	-14.1687	129.07	-0.00	129.07	-0.12	0.38	1.09	7.66	-15.87	-116.68	
-121.4074	0.0000	-13.0030	134.41	-0.00	134.41	-0.08	0.13	0.98	8.09	-15.82	-116.70	
-126.2913	0.0000	-9.7738	136.07	-0.00	136.07	-0.03	0.21	1.05	8.42	-15.74	-114.94	
-130.7029	0.0000	-8.8165	139.52	-0.00	139.52	-0.06	0.27	0.99	8.71	-15.65	-116.84	
-134.2745	0.0000	-7.1545	141.43	-0.00	141.43	-0.08	0.03	0.89	8.95	-15.53	-115.13	
-138.1329	0.0000	-7.7052	145.84	-0.00	145.84	-0.18	0.25	1.09	9.21	-15.37	-110.67	
-141.3311	0.0000	-6.4091	147.74	-0.00	147.74	-0.16	0.04	1.20	9.42	-15.12	-107.73	
-143.9244	0.0000	-5.1817	149.11	-0.00	149.11	-0.18	0.06	1.00	9.59	-14.88	-124.85	
-145.5924	0.0000	-3.3419	148.93	-0.00	148.93	0.10	0.08	1.35	9.71	-14.82	-123.48	
-145.9091	0.0000	-0.6329	146.54	-0.00	146.54	-0.04	-0.17	1.18	9.73	-15.00	-135.18	
-146.4899	0.0000	-1.1634	147.65	-0.00	147.65	-0.40	0.23	1.20	9.77	-15.12	-141.56	
-146.6130	0.0000	-0.2464	146.86	-0.00	146.86	0.07	-0.21	1.05	9.77	-15.30	-142.83	
-146.4240	0.0000	0.3783	146.05	-0.00	146.05	-0.19	0.30	1.03	9.76	-15.41	-148.64	
-145.4471	0.0000	1.9541	143.49	-0.00	143.49	0.14	0.12	1.02	9.70	-15.52	-150.23	
-143.8303	0.0000	3.2454	140.58	-0.00	140.58	-0.12	0.10	1.07	9.59	-15.61	-161.83	
-142.3556	0.0000	2.9460	139.41	-0.00	139.41	0.06	0.15	0.93	9.49	-15.80	-163.70	
-140.0407	0.0000	4.6321	135.41	-0.00	135.41	-0.14	0.00	0.94	9.34	-16.05	-170.01	
-137.5645	0.0000	4.9488	132.62	-0.00	132.62	0.05	0.12	1.03	9.17	-16.38	-172.64	
-135.4231	0.0000	4.2912	131.13	-0.00	131.13	0.07	0.03	0.83	9.03	-16.76	-172.44	
-133.4635	0.0000	3.9159	129.55	-0.00	129.55	-0.04	0.07	0.94	8.90	-17.13	-174.37	
-131.9690	0.0000	2.9909	128.98	-0.00	128.98	0.04	0.09	0.76	8.80	-17.53	-177.70	
-130.5392	0.0000	2.8573	127.68	-0.00	127.68	-0.11	-0.04	1.03	8.70	-17.91	-178.88	
-129.6541	0.0000	1.7729	127.88	-0.00	127.88	0.07	0.03	1.05	8.64	-18.27	173.31	
-128.5533	0.0000	2.2182	126.34	-0.00	126.34	-0.10	0.01	1.12	8.57	-18.59	172.87	
-127.6981	0.0000	1.7277	125.97	-0.00	125.97	0.15	0.13	0.87	8.51	-18.87	162.74	
-126.3578	0.0000	2.7034	123.65	-0.00	123.65	0.06	0.05	0.81	8.42	-19.15	162.67	
-124.7584	0.0000	3.2280	121.53	-0.00	121.53	-0.15	-0.00	1.05	8.32	-19.40	162.02	
-123.5246	0.0000	2.4866	121.04	-0.00	121.04	0.00	-0.03	0.82	8.23	-19.69	162.09	
-122.6263	0.0000	1.8082	120.82	-0.00	120.82	-0.03	-0.07	1.09	8.18	-19.95	153.42	
-122.5330	0.0000	0.1879	122.35	-0.00	122.35	0.07	-0.01	0.92	8.17	-20.19	154.15	
-122.9643	0.0000	-0.8729	123.84	-0.00	123.84	0.17	0.12	0.78	8.20	-20.42	149.08	
-123.6630	0.0000	-1.4078	125.07	-0.00	125.07	-0.02	0.13	0.95	8.24	-20.60	150.01	
-124.0969	0.0000	-0.8761	124.97	-0.00	124.97	0.12	0.04	0.80	8.27	-20.81	147.16	
-124.0540	0.0000	0.0864	123.97	-0.00	123.97	-0.12	-0.03	1.10	8.27	-21.00	147.78	
-123.9009	0.0000	0.3095	123.59	-0.00	123.59	-0.01	-0.00	0.98	8.26	-21.19	142.42	
-123.3794	0.0000	1.0508	122.33	-0.00	122.33	-0.11	0.11	1.18	8.23	-21.38	142.17	
-122.8053	0.0000	1.1608	121.64	-0.00	121.64	0.13	0.06	0.91	8.19	-21.60	142.70	
-121.2293	0.0000	3.1722	118.06	-0.00	118.06	0.07	-0.07	0.80	8.08	-21.81	135.88	
-120.4163	0.0000	1.6429	118.77	-0.00	118.77	-0.09	-0.08	1.10	8.03	-22.02	136.32	
-117.3189	0.0000	6.2330	111.09	-0.00	111.09	-0.07	-0.55	1.17	7.82	-22.14	135.70	
-110.2568	0.0000	14.2822	95.97	-0.00	95.97	-0.69	0.09	1.71	7.35	-21.77	133.09	
-102.3142	0.0000	16.0097	86.30	-0.00	86.30	0.07	0.32	1.21	6.82	-21.61	129.99	
-92.5530	0.0000	19.7004	72.85	-0.00	72.85	-0.58	-0.53	0.98	6.17	-21.35	127.61	
-84.2269	0.0000	16.9363	67.29	-0.00	67.29	0.34	-0.02	0.66	5.62	-21.31	134.68	
-78.1753	0.0000	12.3302	65.85	-0.00	65.85	-0.19	-0.19	1.01	5.21	-21.38	133.79	
-71.3430	0.0000	13.8882	57.45	-0.00	57.45	-0.09	-0.48	1.00	4.76	-21.42	136.99	
-64.3547	0.0000	14.2194	50.14	-0.00	50.14	0.62	0.32	1.04	4.29	-21.52	135.91	
-58.4452	0.0000	12.0347	46.41	-0.00	46.41	0.21	0.11	0.99	3.90	-21.61	142.69	
-50.4342	0.0000	16.3211	34.11	-0.00	34.11	-0.12	-0.37	0.97	3.36	-21.55	141.01	
-44.7268	0.0000	11.6015	33.13	-0.00	33.13	0.14	0.08	1.04	2.98	-21.57	144.91	
-39.1835	0.0000	11.2836	27.90	-0.00	27.90	-0.03	-0.12	1.15	2.61	-21.59	143.85	
-34.0072	0.0000	10.5210	23.49	-0.00	23.49	0.08	-0.01	1.01	2.27	-21.57	144.26	
-30.2615	0.0000	7.6153	22.65	-0.00	22.65	0.78	-0.19	0.54	2.02	-21.71	143.83	
-27.2138	0.0000	6.2129	21.00	-0.00	21.00	-0.19	0.15	1.28	1.81	-21.67	145.27	
-24.2364	0.0000	6.0647	18.17	-0.00	18.17	0.08	-0.35	0.95	1.62	-21.62	144.56	
-20.5110	0.0000	7.5661	12.94	-0.00	12.94	0.34	0.05	0.80	1.37	-21.58	143.79	
-17.9000	0.0000	5.3141	12.59	-0.00	12.59	0.02	-0.42	0.69	1.19	-21.57	143.26	
-14.5352	0.0000	6.8391	7.70	-0.00	7.70	0.18	-0.47	0.72	0.97	-21.35	144.60	
-12.7867	0.0000	3.5683	9.22	-0.00	9.22	0.13	-0.17	1.21	0.85	-21.20	143.93	
-9.8150	0.0000	6.0395	3.78	-0.00	3.78	-0.08	-0.52	1.66	0.65	-21.18	142.92	
-6.3736	0.0000	7.0064	-0.63	-0.00	-0.63	0.24	-0.16	1.09	0.42	-21.23	142.36	
-3.1348	0.0000	6.5869	-3.45	-0.00	-3.45	0.03	-0.23	0.77	0.21	-21.23	145.70	
0.0168	0.0000	6.4158	-6.43	-0.00	-6.43	-0.10	-0.11	0.97	-0.00	-21.13	144.86	
2.4229	0.0000	4.8889	-7.31	-0.00	-7.31	0.21	-0.23	0.98	-0.16	-21.13	144.22	
4.7000	0.0000	4.6438	-9.34	-0.00	-9.34	-0.03	-0.27	0.92	-0.31	-21.05	143.63	
6.6400	0.0000	3.9409	-10.58	-0.00	-10.58	0.17	-0.16	0.93	-0.44	-20.95	143.06	
8.8506	0.0000	4.5045	-13.36	-0.00	-13.36	0.09	-0.17	0.94	-0.59	-20.84	142.38	
11.2220	0.0000	4.8185	-16.04	-0.00	-16.04	-0.07	-0.20	1.05	-0.75	-20.69	139.71	
13.5320	0.0000	4.7063	-18.24	-0.00	-18.24	0.05	-0.10	1.08	-0.90	-20.58	141.34	
15.1364	0.0000	3.2609	-18.40	-0.00	-18.40	0.18	0.06	0.98	-1.01	-20.51	140.90	
15.9256	0.0000	1.6078	-17.53	-0.00	-17.53	0.08	-0.04	1.03	-1.06	-20.44	137.07	
15.5749	0.0000	-0.7128	-14.86	-0.00	-14.86	0.14	-0.06	0.96	-1.04	-20.34	136.88	
14.3635	0.0000	-2.4677	-11.90	-0.00	-11.90	0.12	-0.13	0.92	-0.96	-20.26	140.05	
12.3214	0.0000	-4.1535	-8.17	-0.00	-8.17	-0.07	-0.11	1.06	-0.82	-20.19	140.26	
9.9288	0.0000	-4.8706	-5.06	-0.00	-5.06	-0.06	-0.27	1.01	-0.66	-20.12	140.50	
7.4433	0.0000	-5.0583	-2.38	-0.00	-2.38	0.06	-0.23	0.97	-0.50	-20.07	140.83	
4.0819	0.0000	-6.8604	2.78	-0.00	2.78	0.13	-0.19	0.95	-0.27	-20.03	140.25	
0.8307	0.0000	-6.6127	5.78	-0.00	5.78	0.05	-0.27	0.96	-0.06	-19.99	140.77	
-1.7124	0.0000	-5.1781	6.89	-0.00	6.89	0.05	-0.15	0.96	0.11	-19.94	139.40	
-3.9106	0.0000	-4.4674	8.38	-0.00	8.38	0.01	-0.31	0.93	0.26	-19.92	139.74	
-7.3244	0.0000	-6.9544	14.28	-0.00	14.28	0.02	-0.23	1.05	0.49	-19.88	139.37	
-11.5429	0.0000	-8.5752	20.12	-0.00	20.12	0.10	-0.38	1.01	0.77	-19.83	140.03	
-16.7912	0.0000	-10.6987	27.49	-0.00	27.49	0.08	-0.19	0.99	1.12	-19.75	137.56	
-22.6402	0.0000	-11.8800	34.52	-0.00	34.52	0.03	-0.23	0.97	1.51	-19.67	138.44	
-27.7720	0.0000	-10.4553	38.23	-0.00	38.23	-0.02	-0.16	1.04	1.85	-19.63	127.21	
-31.8301	0.0000	-8.2465	40.08	-0.00	40.08	-0.01	-0.05	1.02	2.12	-19.58	127.68	
-33.7716	0.0000	-3.9555	37.73	-0.00	37.73	-0.01	-0.10	0.96	2.25	-19.53	126.00	
-33.6760	0.0000	0.1944	33.48	-0.00	33.48	0.15	0.11	0.97	2.25	-19.47	125.82	
-29.5057	0.0000	8.5020	21.00	-0.00	21.00	0.25	-0.18	0.87	1.97	-19.41	133.16	
-24.5245	0.0000	10.0986	14.43	-0.00	14.43	0.12	-0.04	0.90	1.63	-19.33	132.14	
-19.2211	0.0000	10.7857	8.44	-0.00	8.44	0.03	-0.41	1.02	1.28	-19.22	138.07	
-15.4680	0.0000	7.6275	7.84	-0.00	7.84	0.17	-0.20	0.85	1.03	-19.03	137.00	
-13.4765	0.0000	4.0605	9.42	-0.00	9.42	-0.02	-0.13	0.85	0.90	-18.81	136.32	
-11.2633	0.0000	4.4984	6.76	-0.00	6.76	-0.15	-0.18	0.92	0.75	-18.49	135.18	
-9.3973	0.0000	3.8012	5.60	-0.00	5.60	-0.14	-0.01	0.99	0.63	-18.19	134.98	
-6.2745	0.0000	6.3478	-0.07	-0.00	-0.07	-0.23	-0.09	1.01	0.42	-17.88	133.78	
-2.4647	0.0000	7.7542	-5.29	-0.00	-5.29	-0.10	-0.02	1.13	0.16	-17.67	135.11	
0.9083	0.0000	6.8610	-7.77	-0.00	-7.77	0.28	0.04	1.37	-0.06	-17.59	134.41	
5.4459	0.0000	9.2392	-14.69	-0.00	-14.69	0.09	-0.01	0.80	-0.36	-17.45	134.42	
9.6788	0.0000	8.6077	-18.29	-0.00	-18.29	0.35	0.04	0.79	-0.65	-17.28	133.45	
15.5265	0.0000	11.9253	-27.45	-0.00	-27.45	0.05	-0.29	0.98	-1.04	-17.08	133.67	
20.2044	0.0000	9.5090	-29.71	-0.00	-29.71	-0.01	0.04	1.22	-1.35	-16.94	132.71	
25.0469	0.0000	9.8638	-34.91	-0.00	-34.91	0.13	-0.31	0.97	-1.67	-16.83	129.63	
30.1783	0.0000	10.4370	-40.62	-0.00	-40.62	-0.09	-0.15	0.88	-2.01	-16.62	128.21	
33.3282	0.0000	6.4123	-39.74	-0.00	-39.74	0.02	-0.18	1.04	-2.22	-16.38	127.35	
35.4636	0.0000	4.3410	-39.80	-0.00	-39.80	0.17	-0.29	0.99	-2.36	-16.19	128.34	
35.8063	0.0000	0.6985	-36.50	-0.00	-36.50	-0.34	-0.02	1.22	-2.39	-15.94	127.75	
34.4052	0.0000	-2.8459	-31.56	-0.00	-31.56	0.30	-0.45	1.09	-2.29	-15.71	132.55	
30.3973	0.0000	-8.1712	-22.23	-0.00	-22.23	0.05	-0.14	0.98	-2.03	-15.50	132.61	
23.2116	0.0000	-14.5949	-8.62	-0.00	-8.62	0.00	0.07	0.96	-1.55	-15.21	137.53	
15.6174	0.0000	-15.4690	-0.15	-0.00	-0.15	-0.03	-0.29	1.07	-1.04	-14.96	138.08	
7.4125	0.0000	-16.6766	9.26	-0.00	9.26	-0.01	-0.09	1.09	-0.49	-14.79	139.87	
-1.5648	0.0000	-18.2934	19.86	-0.00	19.86	0.06	0.01	0.88	0.10	-14.65	140.87	
-10.5669	0.0000	-18.2969	28.86	-0.00	28.86	0.10	-0.11	0.91	0.70	-14.52	134.20	
-19.1193	0.0000	-17.4344	36.55	-0.00	36.55	0.01	-0.14	1.05	1.27	-14.42	135.06	
-27.3746	0.0000	-16.7658	44.14	-0.00	44.14	0.08	-0.08	1.01	1.82	-14.31	132.46	
-35.0120	0.0000	-15.5615	50.57	-0.00	50.57	-0.07	-0.30	1.08	2.33	-14.19	133.15	
-42.0015	0.0000	-14.2048	56.21	-0.00	56.21	-0.19	-0.21	1.37	2.80	-14.09	126.96	
-48.4363	0.0000	-13.1189	61.56	-0.00	61.56	0.17	-0.51	1.22	3.23	-14.13	127.68	
-53.2554	0.0000	-9.7959	63.05	-0.00	63.05	-0.02	-0.31	1.06	3.55	-14.20	127.22	
-59.2961	0.0000	-12.2960	71.59	-0.00	71.59	0.24	0.07	0.90	3.95	-14.21	127.85	
-64.8130	0.0000	-11.2065	76.02	-0.00	76.02	0.06	-0.05	0.95	4.32	-14.18	123.97	
-70.4245	0.0000	-11.4394	81.86	-0.00	81.86	-0.15	0.08	0.97	4.69	-14.10	124.30	
-75.3791	0.0000	-10.0702	85.45	-0.00	85.45	-0.20	-0.02	1.04	5.03	-14.01	125.63	
-80.0630	0.0000	-9.5417	89.60	-0.00	89.60	-0.18	0.00	1.06	5.34	-13.94	125.91	
-86.4103	0.0000	-12.9048	99.32	-0.00	99.32	-0.11	-0.34	0.91	5.76	-13.88	132.95	
-93.3371	0.0000	-14.1122	107.45	-0.00	107.45	0.16	0.15	0.95	6.22	-13.89	133.66	
-101.6709	0.0000	-16.9488	118.62	-0.00	118.62	-0.11	-0.13	1.13	6.78	-13.83	137.43	
-110.0622	0.0000	-16.9124	126.97	-0.00	126.97	-0.07	-0.51	1.05	7.34	-13.77	138.25	
-121.0682	0.0000	-22.1996	143.27	-0.00	143.27	-0.04	0.05	0.99	8.07	-13.71	139.30	
-132.5135	0.0000	-23.1354	155.65	-0.00	155.65	0.02	-0.34	0.90	8.83	-13.64	140.47	
-145.0882	0.0000	-25.3414	170.43	-0.00	170.43	-0.18	0.24	1.06	9.67	-13.62	140.04	
-158.5451	0.0000	-27.2017	185.75	-0.00	185.75	-0.16	0.14	0.98	10.57	-13.69	141.49	
-171.4609	0.0000	-26.0213	197.48	-0.00	197.48	-0.28	0.19	0.98	11.43	-13.81	144.19	
-184.5683	0.0000	-26.4796	211.05	-0.00	211.05	-0.28	0.31	0.96	12.30	-14.00	145.77	
-195.5604	0.0000	-22.1393	217.70	-0.00	217.70	0.09	0.58	0.85	13.04	-14.14	146.45	
-201.0944	0.0000	-11.1699	212.26	-0.00	212.26	0.30	0.56	0.83	13.41	-14.14	148.67	
-201.4400	0.0000	-0.6977	202.14	-0.00	202.14	0.16	0.37	0.89	13.43	-14.05	148.64	
-197.3980	0.0000	8.1577	189.24	-0.00	189.24	0.20	0.55	0.73	13.16	-13.89	150.52	
-189.1733	0.0000	16.5880	172.59	-0.00	172.59	0.15	0.14	0.69	12.61	-13.73	149.69	
-177.5607	0.0000	23.4416	154.12	-0.00	154.12	-0.25	0.02	0.86	11.84	-13.56	152.93	
-163.9266	0.0000	27.4710	136.46	-0.00	136.46	-0.03	-0.10	0.86	10.93	-13.50	151.69	
-147.7544	0.0000	32.6680	115.09	-0.00	115.09	-0.22	-0.31	0.98	9.85	-13.46	154.93	
-131.8317	0.0000	32.1075	99.72	-0.00	99.72	-0.32	-0.41	1.25	8.79	-13.52	153.60	
-117.7322	0.0000	28.5284	89.20	-0.00	89.20	-0.08	-0.12	1.06	7.85	-13.66	159.29	
-105.2198	0.0000	25.1791	80.04	-0.00	80.04	0.12	-0.49	1.05	7.01	-13.84	158.32	
-94.7972	0.0000	21.1011	73.70	-0.00	73.70	0.11	-0.17	0.94	6.32	-14.03	163.75	
-85.5816	0.0000	18.7181	66.86	-0.00	66.86	0.09	-0.13	1.07	5.71	-14.25	163.02	
-77.4421	0.0000	16.5811	60.86	-0.00	60.86	0.05	0.06	1.09	5.16	-14.46	168.13	
-69.3594	0.0000	16.4347	52.92	-0.00	52.92	-0.02	0.12	1.17	4.62	-14.68	167.53	
-61.3515	0.0000	16.3115	45.04	-0.00	45.04	-0.02	0.04	1.27	4.09	-14.94	173.16	
-53.5747	0.0000	15.8111	37.76	-0.00	37.76	0.11	0.08	1.08	3.57	-15.25	172.59	
-46.7235	0.0000	13.9293	32.79	-0.00	32.79	-0.14	-0.09	1.00	3.11	-15.57	176.33	
-40.6487	0.0000	12.3666	28.28	-0.00	28.28	-0.09	-0.20	0.84	2.71	-15.95	175.88	
-35.7894	0.0000	9.8992	25.89	-0.00	25.89	-0.22	-0.29	0.78	2.39	-16.36	179.93	
-32.8279	0.0000	6.0193	26.81	-0.00	26.81	0.85	0.47	1.27	2.19	-16.83	179.69	
-21.7038	0.0000	22.6836	-0.98	-0.00	-0.98	-0.33	-0.40	1.00	1.45	-16.60	-177.95	
-8.9876	0.0000	25.5917	-16.60	-0.00	-16.60	0.69	-0.36	0.41	0.60	-16.50	-178.95	
1.1116	0.0000	20.4265	-21.54	-0.00	-21.54	-0.44	0.05	1.15	-0.07	-16.03	-177.22	
8.3289	0.0000	14.5349	-22.86	-0.00	-22.86	0.06	-0.11	0.68	-0.56	-15.68	-177.78	
13.1228	0.0000	9.6750	-22.80	-0.00	-22.80	0.00	-0.64	0.76	-0.87	-15.42	-174.13	
14.9065	0.0000	3.5961	-18.50	-0.00	-18.50	-0.06	-0.03	1.01	-0.99	-15.25	-174.25	
13.7305	0.0000	-2.3760	-11.35	-0.00	-11.35	0.01	-0.15	0.93	-0.92	-15.22	-173.27	
11.0335	0.0000	-5.4362	-5.60	-0.00	-5.60	0.16	-0.10	0.87	-0.74	-15.18	-173.05	
6.9849	0.0000	-8.1742	1.19	-0.00	1.19	0.84	0.35	0.95	-0.47	-15.10	-170.85	
3.9595	0.0000	-6.1047	2.15	-0.00	2.15	0.44	0.36	1.22	-0.26	-14.96	-170.59	
1.4335	0.0000	-5.1025	3.67	-0.00	3.67	-0.28	-0.24	1.20	-0.10	-14.70	-169.27	
0.1115	0.0000	-2.6643	2.55	-0.00	2.55	-0.19	-0.19	0.94	-0.01	-14.38	-169.20	
-3.1051	0.0000	-6.4893	9.59	-0.00	9.59	0.02	-0.08	0.99	0.21	-14.10	-168.88	
-6.9394	0.0000	-7.7310	14.67	-0.00	14.67	0.01	-0.27	0.96	0.46	-13.76	-168.33	
-12.5923	0.0000	-11.4122	24.00	-0.00	24.00	0.07	-0.09	0.93	0.84	-13.37	-167.78	
-19.3418	0.0000	-13.6060	32.95	-0.00	32.95	-0.01	-0.23	0.95	1.29	-12.93	-167.54	
-27.0672	0.0000	-15.6085	42.68	-0.00	42.68	0.01	-0.12	0.92	1.80	-12.43	-166.74	
-35.4493	0.0000	-16.8954	52.34	-0.00	52.34	-0.04	-0.16	0.93	2.36	-11.87	-168.27	
-43.9202	0.0000	-17.1114	61.03	-0.00	61.03	-0.02	-0.06	0.99	2.93	-11.24	-167.29	
-52.9938	0.0000	-18.2876	71.28	-0.00	71.28	0.07	-0.16	0.94	3.53	-10.46	-168.68	
-61.5425	0.0000	-17.2685	78.81	-0.00	78.81	0.19	-0.24	0.87	4.10	-9.67	-167.55	
-70.7143	0.0000	-18.4981	89.21	-0.00	89.21	0.01	-0.10	0.92	4.71	-8.78	-165.41	
-79.5882	0.0000	-17.9095	97.50	-0.00	97.50	-0.08	-0.19	0.88	5.31	-7.85	-164.06	
-88.7624	0.0000	-18.4887	107.25	-0.00	107.25	-0.03	0.02	0.90	5.92	-6.93	-162.07	
-98.2113	0.0000	-19.0868	117.30	-0.00	117.30	0.18	0.07	0.84	6.55	-6.06	-160.68	
-107.5661	0.0000	-18.8544	126.42	-0.00	126.42	-0.04	0.08	0.91	7.17	-5.19	-158.50	
-115.9666	0.0000	-16.8259	132.79	-0.00	132.79	0.04	0.03	0.90	7.73	-4.32	-157.17	
-122.2370	0.0000	-12.5146	134.75	-0.00	134.75	-1.59	-0.33	1.96	8.15	-3.61	-156.43	
-124.9667	0.0000	-5.4633	130.43	-0.00	130.43	0.96	-0.38	1.23	8.33	-3.36	-156.02	
-128.8496	0.0000	-7.7578	136.61	-0.00	136.61	0.51	-0.29	1.03	8.59	-3.55	-152.57	
-133.5547	0.0000	-9.4324	142.99	-0.00	142.99	0.17	0.09	0.48	8.90	-3.65	-152.28	
-138.2806	0.0000	-9.4283	147.71	-0.00	147.71	0.21	0.42	0.97	9.22	-3.62	-149.17	
-141.0517	0.0000	-5.5575	146.61	-0.00	146.61	-0.14	0.24	0.81	9.40	-3.40	-148.77	
-142.8498	0.0000	-3.5998	146.45	-0.00	146.45	-0.04	0.46	1.07	9.52	-3.30	-145.94	
-143.1438	0.0000	-0.5877	143.73	-0.00	143.73	-0.32	0.13	1.09	9.54	-3.14	-145.77	
-142.7358	0.0000	0.8153	141.92	-0.00	141.92	0.21	0.24	0.60	9.52	-3.08	-146.69	
-142.6348	0.0000	0.2022	142.43	-0.00	142.43	0.22	0.44	0.73	9.51	-2.92	-144.96	
-141.9228	0.0000	1.4243	140.50	-0.00	140.50	0.08	0.14	0.69	9.46	-2.73	-144.84	
-141.3092	0.0000	1.2280	140.08	-0.00	140.08	0.03	0.20	0.76	9.42	-2.47	-142.57	
-140.5183	0.0000	1.5795	138.94	-0.00	138.94	0.30	0.02	0.36	9.37	-2.38	-142.54	
-137.2200	0.0000	6.6116	130.61	-0.00	130.61	-0.40	-0.42	1.58	9.15	-2.54	-143.65	
-133.6862	0.0000	7.0671	126.62	-0.00	126.62	-0.48	-0.12	1.25	8.91	-2.80	-144.13	
-128.1004	0.0000	11.1794	116.92	-0.00	116.92	0.16	-0.25	0.36	8.54	-3.16	-143.94	
-126.2636	0.0000	3.6701	122.59	-0.00	122.59	-0.03	0.53	0.54	8.42	-3.54	-144.40	
-124.4247	0.0000	3.6847	120.74	-0.00	120.74	-0.31	-0.23	0.91	8.29	-3.83	-140.33	
-119.5392	0.0000	9.7705	109.77	-0.00	109.77	-0.10	0.09	1.09	7.97	-4.42	-141.22	
-115.2984	0.0000	8.4867	106.81	-0.00	106.81	-0.33	0.01	1.17	7.69	-5.06	-140.54	
-109.9686	0.0000	10.6333	99.34	-0.00	99.34	0.18	-0.25	0.50	7.33	-5.83	-141.60	
-106.8275	0.0000	6.3054	100.52	-0.00	100.52	-0.43	-0.16	1.30	7.12	-6.63	-135.65	
-105.3795	0.0000	2.8942	102.49	-0.00	102.49	0.06	-0.33	0.86	7.03	-7.38	-136.50	
-98.0118	0.0000	14.7359	83.28	-0.00	83.28	1.41	1.11	1.96	6.53	-7.56	-133.03	
-84.3766	0.0000	27.5700	56.81	-0.00	56.81	-0.31	0.43	1.62	5.63	-7.57	-133.88	
-70.7436	0.0000	27.4877	43.26	-0.00	43.26	-0.05	-0.16	0.58	4.72	-7.10	-131.62	
-57.5068	0.0000	26.6317	30.88	-0.00	30.88	0.35	-0.33	0.35	3.83	-7.00	-132.34	
-47.9975	0.0000	19.2277	28.77	-0.00	28.77	-0.43	0.36	0.74	3.20	-7.12	-130.13	
-38.6569	0.0000	18.8240	19.83	-0.00	19.83	0.72	-0.00	1.44	2.58	-7.04	-130.56	
-24.3119	0.0000	28.9601	-4.65	-0.00	-4.65	-0.42	-0.44	1.54	1.62	-6.95	-128.26	
-10.8432	0.0000	27.1775	-16.33	-0.00	-16.33	0.10	0.08	0.63	0.72	-6.69	-128.71	
1.9116	0.0000	25.7421	-27.65	-0.00	-27.65	-0.12	-0.39	0.92	-0.13	-6.57	-125.80	
11.0112	0.0000	18.3562	-29.37	-0.00	-29.37	-0.04	-0.11	1.24	-0.73	-6.44	-123.50	
19.2382	0.0000	16.6008	-35.84	-0.00	-35.84	-0.05	-0.26	1.24	-1.28	-6.24	-123.68	
25.9118	0.0000	13.4518	-39.36	-0.00	-39.36	-0.01	0.04	0.92	-1.73	-6.02	-120.26	
32.1060	0.0000	12.5110	-44.62	-0.00	-44.62	0.07	-0.24	0.79	-2.14	-5.80	-120.28	
36.0953	0.0000	8.0396	-44.13	-0.00	-44.13	0.26	0.18	0.92	-2.41	-5.58	-117.62	
40.0950	0.0000	8.0856	-48.18	-0.00	-48.18	0.25	-0.33	0.96	-2.67	-5.24	-117.38	
42.3547	0.0000	4.5501	-46.90	-0.00	-46.90	0.13	0.04	0.87	-2.82	-4.82	-116.16	
43.0882	0.0000	1.4811	-44.57	-0.00	-44.57	-0.07	-0.33	0.88	-2.87	-4.34	-115.60	
41.5353	0.0000	-3.1293	-38.41	-0.00	-38.41	0.13	-0.22	1.18	-2.77	-3.96	-112.17	
39.0379	0.0000	-5.0439	-33.99	-0.00	-33.99	-0.64	-0.37	1.69	-2.60	-3.55	-111.57	
35.6423	0.0000	-6.8484	-28.79	-0.00	-28.79	0.25	-0.10	0.86	-2.38	-3.20	-110.92	
30.5983	0.0000	-10.1858	-20.41	-0.00	-20.41	-0.04	-0.13	0.75	-2.04	-2.90	-110.38	
25.0842	0.0000	-11.0921	-13.99	-0.00	-13.99	0.45	-0.09	0.78	-1.67	-2.59	-108.97	
18.7960	0.0000	-12.7095	-6.09	-0.00	-6.09	0.02	0.04	1.06	-1.25	-2.31	-108.43	
12.8539	0.0000	-11.9821	-0.87	-0.00	-0.87	0.10	-0.02	1.21	-0.86	-2.01	-108.12	
6.7015	0.0000	-12.4290	5.73	-0.00	5.73	-0.03	-0.26	0.95	-0.45	-1.78	-107.64	
-0.4662	0.0000	-14.4449	14.91	-0.00	14.91	0.05	-0.20	0.82	0.03	-1.51	-105.02	
-8.4028	0.0000	-16.0335	24.44	-0.00	24.44	0.05	-0.30	0.97	0.56	-1.24	-104.47	
-16.5743	0.0000	-16.4663	33.04	-0.00	33.04	-0.15	-0.36	0.97	1.10	-0.91	-100.11	
-25.6311	0.0000	-18.3091	43.94	-0.00	43.94	-0.18	-0.21	0.97	1.71	-0.62	-99.53	
-34.2759	0.0000	-17.5709	51.85	-0.00	51.85	-0.14	-0.37	0.97	2.29	-0.30	-96.59	
-42.7963	0.0000	-17.3569	60.15	-0.00	60.15	-0.03	-0.12	0.83	2.85	-0.01	-96.04	
-51.1024	0.0000	-16.8626	67.97	-0.00	67.97	-0.15	-0.17	0.96	3.41	0.23	-90.81	
-58.3972	0.0000	-14.8795	73.28	-0.00	73.28	-0.16	-0.15	0.93	3.89	0.46	-90.43	
-64.2770	0.0000	-11.9565	76.23	-0.00	76.23	-0.12	-0.11	0.95	4.29	0.65	-84.90	
-68.7067	0.0000	-9.0311	77.74	-0.00	77.74	-0.31	0.01	1.01	4.58	0.87	-84.57	
-73.3246	0.0000	-9.3795	82.70	-0.00	82.70	0.18	-0.06	0.83	4.89	1.09	-81.18	
-76.2990	0.0000	-6.0604	82.36	-0.00	82.36	-0.24	-0.43	0.97	5.09	1.39	-80.69	
-78.4583	0.0000	-4.3866	82.84	-0.00	82.84	0.69	0.19	0.84	5.23	1.61	-75.81	
-79.2263	0.0000	-1.5666	80.79	-0.00	80.79	-0.24	-0.11	0.85	5.28	1.87	-73.89	
-75.4013	0.0000	7.7745	67.63	-0.00	67.63	0.45	0.35	1.10	5.03	2.31	-73.00	
-71.1154	0.0000	8.7299	62.39	-0.00	62.39	-0.60	0.24	1.61	4.74	2.55	-73.08	
-64.1883	0.0000	14.0823	50.11	-0.00	50.11	0.18	-0.28	0.94	4.28	2.80	-72.41	
-57.5151	0.0000	13.5835	43.93	-0.00	43.93	0.54	-0.33	0.84	3.83	2.83	-72.37	
-53.2078	0.0000	8.7625	44.45	-0.00	44.45	-0.43	-0.27	1.10	3.55	3.01	-71.92	
-45.9082	0.0000	14.8483	31.06	-0.00	31.06	0.37	-0.65	0.84	3.06	3.20	-69.20	
-39.0861	0.0000	13.8879	25.20	-0.00	25.20	-0.09	-0.11	1.02	2.61	3.38	-68.64	
-32.2559	0.0000	13.8988	18.36	-0.00	18.36	-0.17	-0.23	1.13	2.15	3.49	-69.09	
-25.7755	0.0000	13.1833	12.59	-0.00	12.59	0.08	-0.36	0.98	1.72	3.68	-68.52	
-21.2250	0.0000	9.2636	11.96	-0.00	11.96	-0.03	-0.18	1.00	1.41	3.85	-67.77	
-18.3737	0.0000	5.7919	12.58	-0.00	12.58	-0.04	0.03	1.15	1.22	4.09	-67.28	
-17.9611	0.0000	0.8411	17.12	-0.00	17.12	0.07	-0.01	0.86	1.20	4.29	-65.29	
-18.8224	0.0000	-1.7497	20.57	-0.00	20.57	0.02	-0.13	0.86	1.25	4.46	-65.07	
-20.3054	0.0000	-3.0213	23.33	-0.00	23.33	0.05	-0.15	0.78	1.35	4.68	-60.85	
-21.5336	0.0000	-2.4974	24.03	-0.00	24.03	-0.06	-0.21	0.87	1.44	4.96	-60.50	
-23.5892	0.0000	-4.1874	27.78	-0.00	27.78	-0.14	-0.22	1.01	1.57	5.25	-58.41	
-24.4729	0.0000	-1.7954	26.27	-0.00	26.27	0.53	-0.32	1.09	1.63	5.30	-58.38	
-24.3150	0.0000	0.3221	23.99	-0.00	23.99	-0.10	-0.20	1.15	1.62	5.34	-55.96	
-24.1548	0.0000	0.3256	23.83	-0.00	23.83	0.09	-0.11	0.81	1.61	5.44	-55.81	
-23.8747	0.0000	0.5702	23.30	-0.00	23.30	0.16	-0.28	0.80	1.59	5.52	-54.67	
-24.4305	0.0000	-1.1307	25.56	-0.00	25.56	0.19	-0.15	0.84	1.63	5.61	-54.59	
-25.3515	0.0000	-1.8749	27.23	-0.00	27.23	0.14	-0.56	1.16	1.69	5.62	-53.36	
-25.9595	0.0000	-1.2369	27.20	-0.00	27.20	0.14	-0.33	0.96	1.73	5.68	-53.32	
-26.8723	0.0000	-1.8594	28.73	-0.00	28.73	0.14	-0.15	0.92	1.79	5.79	-52.89	
-27.4917	0.0000	-1.2578	28.75	-0.00	28.75	0.05	-0.41	0.94	1.83	5.97	-52.68	
-28.7698	0.0000	-2.6039	31.37	-0.00	31.37	0.03	-0.14	0.89	1.92	6.20	-51.06	
-31.3790	0.0000	-5.3027	36.68	-0.00	36.68	0.23	-0.22	0.97	2.09	6.37	-51.02	
-34.4209	0.0000	-6.2029	40.62	-0.00	40.62	-0.14	-0.16	1.21	2.29	6.55	-47.94	
-37.8766	0.0000	-7.0197	44.90	-0.00	44.90	0.07	-0.11	0.85	2.53	6.74	-47.96	
-40.5593	0.0000	-5.4639	46.02	-0.00	46.02	-0.12	-0.17	0.91	2.70	6.94	-43.88	
-43.2816	0.0000	-5.5375	48.82	-0.00	48.82	0.12	-0.01	0.99	2.89	7.17	-43.82	
-45.4350	0.0000	-4.3819	49.82	-0.00	49.82	-0.02	-0.42	1.04	3.03	7.32	-40.95	
-46.8269	0.0000	-2.8297	49.66	-0.00	49.66	-0.15	-0.32	0.91	3.12	7.54	-40.81	
-48.3615	0.0000	-3.1270	51.49	-0.00	51.49	0.17	-0.21	0.87	3.22	7.67	-38.79	
-48.9949	0.0000	-1.2858	50.28	-0.00	50.28	-0.15	-0.46	1.01	3.27	7.86	-38.63	
-50.1290	0.0000	-2.3140	52.44	-0.00	52.44	-0.09	-0.36	0.85	3.34	8.08	-38.49	
-50.7569	0.0000	-1.2761	52.03	-0.00	52.03	-0.09	-0.35	1.05	3.38	8.28	-35.08	
-52.9518	0.0000	-4.4716	57.42	-0.00	57.42	0.26	0.13	0.70	3.53	8.45	-35.12	
-51.5913	0.0000	2.7646	48.83	-0.00	48.83	-0.79	-0.46	1.46	3.44	8.48	-30.12	
-52.0863	0.0000	-1.0093	53.10	-0.00	53.10	0.19	0.45	1.07	3.47	8.81	-29.87	
-51.4431	0.0000	1.3059	50.14	-0.00	50.14	0.16	-0.57	0.86	3.43	9.01	-29.99	
-51.4741	0.0000	-0.0631	51.54	-0.00	51.54	-0.18	-0.03	1.06	3.43	9.28	-29.75	
-51.5139	0.0000	-0.0810	51.59	-0.00	51.59	-0.03	-0.15	1.02	3.43	9.56	-27.32	
-50.9089	0.0000	1.2326	49.68	-0.00	49.68	-0.31	0.08	1.16	3.39	9.78	-27.07	
-50.0573	0.0000	1.7309	48.33	-0.00	48.33	0.15	0.19	0.84	3.34	9.99	-23.91	
-48.0919	0.0000	4.0158	44.08	-0.00	44.08	-0.35	0.11	0.93	3.21	10.21	-23.52	
-43.7699	0.0000	8.7646	35.01	-0.00	35.01	0.25	-0.26	0.81	2.92	10.32	-24.15	
-35.6680	0.0000	16.5291	19.14	-0.00	19.14	0.02	-0.49	0.86	2.38	10.39	-23.22	
-26.0215	0.0000	19.6067	6.41	-0.00	6.41	-0.57	-0.12	1.32	1.73	10.61	-23.01	
-15.1694	0.0000	22.1138	-6.94	-0.00	-6.94	0.37	-0.41	0.74	1.01	10.82	-21.60	
-5.1272	0.0000	20.4150	-15.29	-0.00	-15.29	-0.01	-0.32	0.86	0.34	10.91	-20.97	
1.6309	0.0000	13.7602	-15.39	-0.00	-15.39	0.11	0.14	0.92	-0.11	10.99	-20.11	
7.7387	0.0000	12.4240	-20.16	-0.00	-20.16	0.03	-0.51	1.21	-0.52	11.07	-19.31	
12.8266	0.0000	10.3576	-23.18	-0.00	-23.18	0.07	-0.08	1.00	-0.86	11.17	-18.65	
17.5466	0.0000	9.5851	-27.13	-0.00	-27.13	-0.15	-0.54	0.96	-1.17	11.26	-17.86	
20.0610	0.0000	5.1307	-25.19	-0.00	-25.19	0.12	-0.09	0.95	-1.34	11.36	-17.51	
21.1092	0.0000	2.1273	-23.24	-0.00	-23.24	-0.11	-0.53	1.03	-1.41	11.48	-17.60	
20.7898	0.0000	-0.6517	-20.14	-0.00	-20.14	0.07	-0.14	1.03	-1.39	11.62	-17.57	
18.6725	0.0000	-4.3002	-14.37	-0.00	-14.37	-0.15	-0.40	0.96	-1.24	11.77	-17.61	
15.4366	0.0000	-6.5972	-8.84	-0.00	-8.84	0.03	-0.33	0.90	-1.03	11.89	-17.92	
10.2811	0.0000	-10.4673	0.19	-0.00	0.19	-0.07	-0.22	0.93	-0.69	12.01	-19.58	
4.6254	0.0000	-11.5271	6.90	-0.00	6.90	0.06	-0.26	0.96	-0.31	12.11	-20.18	
-1.8926	0.0000	-13.2479	15.14	-0.00	15.14	0.05	-0.21	0.96	0.13	12.22	-18.28	
-8.2258	0.0000	-12.9029	21.13	-0.00	21.13	0.03	-0.37	0.97	0.55	12.33	-18.95	
-14.6263	0.0000	-13.0091	27.64	-0.00	27.64	0.20	-0.20	0.97	0.98	12.43	-16.72	
-20.3569	0.0000	-11.6822	32.04	-0.00	32.04	0.10	-0.28	0.98	1.36	12.54	-17.34	
-26.4178	0.0000	-12.3201	38.74	-0.00	38.74	0.11	-0.19	0.96	1.76	12.67	-12.36	
-32.3295	0.0000	-12.0440	44.37	-0.00	44.37	0.08	-0.31	0.92	2.16	12.80	-13.00	
-38.7646	0.0000	-13.0691	51.83	-0.00	51.83	0.07	-0.21	0.91	2.58	12.93	-9.94	
-44.7265	0.0000	-12.1429	56.87	-0.00	56.87	0.06	-0.30	0.98	2.98	13.03	-10.58	
-49.7641	0.0000	-10.2410	60.01	-0.00	60.01	0.17	-0.15	1.02	3.32	13.18	-5.75	
-53.4436	0.0000	-7.4977	60.94	-0.00	60.94	0.07	-0.04	0.93	3.56	13.42	0.47	
-55.4715	0.0000	-4.1214	59.59	-0.00	59.59	-0.27	-0.05	1.15	3.70	13.71	0.24	
-56.3720	0.0000	-1.8333	58.21	-0.00	58.21	0.07	-0.13	0.87	3.76	13.96	0.02	
-57.3732	0.0000	-2.0363	59.41	-0.00	59.41	-0.16	-0.07	0.95	3.82	14.04	-0.10	
-58.4747	0.0000	-2.2441	60.72	-0.00	60.72	-0.10	-0.11	0.96	3.90	14.20	0.84	
-59.3562	0.0000	-1.7930	61.15	-0.00	61.15	0.40	0.04	1.03	3.96	14.40	0.74	
-59.6708	0.0000	-0.6396	60.31	-0.00	60.31	-0.80	-0.30	1.66	3.98	14.60	3.86	
-58.5200	0.0000	2.3420	56.18	-0.00	56.18	-0.29	-0.53	1.00	3.90	14.85	3.99	
-58.7687	0.0000	-0.5071	59.28	-0.00	59.28	0.23	0.12	0.84	3.92	14.99	5.80	
-58.2546	0.0000	1.0451	57.21	-0.00	57.21	0.17	-0.10	1.05	3.88	15.14	5.85	
-57.2620	0.0000	2.0205	55.24	-0.00	55.24	0.55	-0.10	0.88	3.82	15.29	7.79	
-53.8585	0.0000	6.9231	46.94	-0.00	46.94	-0.49	-0.27	1.11	3.59	15.44	8.19	
-52.6867	0.0000	2.3872	50.30	-0.00	50.30	0.04	0.05	0.92	3.51	15.56	6.25	
-49.3671	0.0000	6.7360	42.63	-0.00	42.63	0.02	-0.68	1.09	3.29	15.66	6.68	
-45.1450	0.0000	8.6102	36.53	-0.00	36.53	-0.03	-0.16	0.84	3.01	15.76	7.22	
-42.3872	0.0000	5.5982	36.79	-0.00	36.79	0.79	0.20	0.52	2.83	15.73	7.60	
-37.9458	0.0000	9.0593	28.89	-0.00	28.89	-0.61	-1.10	1.38	2.53	15.76	8.88	
-32.5637	0.0000	10.9478	21.62	-0.00	21.62	0.12	0.03	0.80	2.17	15.91	9.61	
-25.9024	0.0000	13.5473	12.36	-0.00	12.36	0.52	-0.65	0.76	1.73	15.84	8.65	
-19.0347	0.0000	13.9834	5.05	-0.00	5.05	-0.23	-0.00	0.98	1.27	15.82	9.70	
-12.1841	0.0000	13.9391	-1.76	-0.00	-1.76	-0.16	-0.24	1.10	0.81	15.94	10.97	
-5.2158	0.0000	14.1674	-8.95	-0.00	-8.95	0.31	-0.28	0.96	0.35	15.92	12.03	
0.5077	0.0000	11.6698	-12.18	-0.00	-12.18	-0.20	-0.19	0.90	-0.03	16.00	10.71	
4.9748	0.0000	9.0723	-14.05	-0.00	-14.05	0.10	-0.30	1.02	-0.33	16.09	11.33	
8.5305	0.0000	7.2498	-15.78	-0.00	-15.78	0.19	-0.27	0.99	-0.57	16.17	10.42	
11.5521	0.0000	6.1414	-17.69	-0.00	-17.69	0.02	-0.23	0.87	-0.77	16.35	10.79	
14.4870	0.0000	5.9711	-20.46	-0.00	-20.46	-0.02	-0.26	1.06	-0.97	16.50	13.91	
16.9825	0.0000	5.0707	-22.05	-0.00	-22.05	0.11	-0.26	1.06	-1.13	16.62	14.21	
19.9449	0.0000	6.0359	-25.98	-0.00	-25.98	-0.05	-0.42	0.94	-1.33	16.79	14.95	
22.8617	0.0000	5.9327	-28.79	-0.00	-28.79	-0.01	-0.28	0.95	-1.52	17.01	15.24	
26.3386	0.0000	7.0745	-33.41	-0.00	-33.41	0.02	-0.29	0.98	-1.76	17.29	16.99	
29.9469	0.0000	7.3360	-37.28	-0.00	-37.28	-0.00	-0.28	1.01	-2.00	17.56	17.31	
32.0801	0.0000	4.3469	-36.43	-0.00	-36.43	0.02	-0.20	1.01	-2.14	17.82	18.95	
33.5859	0.0000	3.0564	-36.64	-0.00	-36.64	0.05	-0.43	0.94	-2.24	18.08	18.97	
33.6463	0.0000	0.1232	-33.77	-0.00	-33.77	0.08	-0.23	0.91	-2.24	18.33	18.15	
33.4746	0.0000	-0.3489	-33.13	-0.00	-33.13	-0.16	-0.45	0.96	-2.23	18.64	18.54	
32.6075	0.0000	-1.7698	-30.84	-0.00	-30.84	-0.01	-0.37	0.97	-2.17	18.93	18.20	
30.9219	0.0000	-3.4175	-27.50	-0.00	-27.50	0.08	-0.43	0.90	-2.06	19.24	19.95	
29.2138	0.0000	-3.4824	-25.73	-0.00	-25.73	-0.22	-0.54	0.97	-1.95	19.63	19.38	
26.1414	0.0000	-6.2553	-19.89	-0.00	-19.89	-0.23	-0.31	1.17	-1.74	20.04	22.00	
22.3797	0.0000	-7.6622	-14.72	-0.00	-14.72	0.27	-0.16	0.97	-1.49	20.32	21.19	
18.3414	0.0000	-8.2095	-10.13	-0.00	-10.13	0.10	0.02	0.84	-1.22	20.58	20.89	
13.7566	0.0000	-9.3343	-4.42	-0.00	-4.42	0.03	-0.07	1.00	-0.92	20.80	19.99	
9.6363	0.0000	-8.3747	-1.26	-0.00	-1.26	-0.10	-0.32	1.06	-0.64	20.94	21.83	
5.5451	0.0000	-8.3417	2.80	-0.00	2.80	-0.15	-0.15	0.97	-0.37	21.06	21.06	
2.0780	0.0000	-7.0461	4.97	-0.00	4.97	-0.09	-0.39	0.89	-0.14	21.20	22.42	
-0.7871	0.0000	-5.8327	6.62	-0.00	6.62	-0.06	-0.26	0.97	0.05	21.34	21.83	
-3.8696	0.0000	-6.2522	10.12	-0.00	10.12	0.07	-0.32	0.85	0.26	21.50	24.04	
-6.8473	0.0000	-6.0792	12.93	-0.00	12.93	-0.01	-0.36	0.86	0.46	21.70	23.35	
-10.3669	0.0000	-7.1355	17.50	-0.00	17.50	0.01	-0.30	1.10	0.69	21.90	25.11	
-13.9696	0.0000	-7.3427	21.31	-0.00	21.31	-0.07	-0.25	1.01	0.93	22.13	24.32	
-18.2288	0.0000	-8.6570	26.89	-0.00	26.89	-0.04	-0.28	0.89	1.22	22.40	26.15	
-23.0301	0.0000	-9.7808	32.81	-0.00	32.81	-0.04	-0.25	0.88	1.54	22.70	25.09	
-29.1210	0.0000	-12.3799	41.50	-0.00	41.50	-0.04	-0.35	1.10	1.94	22.91	26.85	
-35.3656	0.0000	-12.7222	48.09	-0.00	48.09	0.08	-0.14	0.93	2.36	23.09	25.69	
-42.4831	0.0000	-14.4666	56.95	-0.00	56.95	-0.09	0.03	0.91	2.83	23.35	31.07	
-48.8563	0.0000	-12.9843	61.84	-0.00	61.84	0.24	-0.16	0.85	3.26	23.58	29.83	
-53.6939	0.0000	-9.8353	63.53	-0.00	63.53	0.26	-0.17	1.20	3.58	23.69	34.86	
-57.3230	0.0000	-7.3967	64.72	-0.00	64.72	-0.27	-0.01	1.11	3.82	23.84	34.19	
-59.4259	0.0000	-4.2715	63.70	-0.00	63.70	0.18	-0.15	0.73	3.96	24.00	34.41	
-59.9402	0.0000	-1.0485	60.99	-0.00	60.99	-0.29	-0.50	1.14	4.00	24.13	34.18	
-59.4001	0.0000	1.0976	58.30	-0.00	58.30	-0.26	-0.16	0.92	3.96	24.33	34.47	
-58.5874	0.0000	1.6550	56.93	-0.00	56.93	-0.06	-0.08	0.99	3.91	24.55	34.27	
-56.9310	0.0000	3.3607	53.57	-0.00	53.57	0.01	-0.53	1.04	3.80	24.74	34.49	
-54.2802	0.0000	5.4023	48.88	-0.00	48.88	-0.55	-0.24	1.08	3.62	25.02	34.48	
-51.5344	0.0000	5.5865	45.95	-0.00	45.95	0.47	-0.23	0.92	3.44	25.16	34.63	
-48.3502	0.0000	6.4917	41.86	-0.00	41.86	0.08	-0.36	0.86	3.22	25.17	35.13	
-44.2828	0.0000	8.2645	36.02	-0.00	36.02	-0.23	-0.31	1.00	2.95	25.30	37.25	
-41.1302	0.0000	6.4262	34.70	-0.00	34.70	0.28	0.08	0.85	2.74	25.41	37.58	
-36.6700	0.0000	9.0502	27.62	-0.00	27.62	-0.67	-0.28	1.44	2.44	25.50	36.16	
-31.7858	0.0000	9.9685	21.82	-0.00	21.82	-0.01	0.16	1.08	2.12	25.66	36.74	
-27.5428	0.0000	8.6139	18.93	-0.00	18.93	0.20	-0.02	0.85	1.84	25.69	37.43	
-23.4185	0.0000	8.4040	15.01	-0.00	15.01	-0.34	-0.05	1.08	1.56	25.80	35.97	
-19.8758	0.0000	7.2014	12.67	-0.00	12.67	0.12	-0.09	1.06	1.33	25.92	36.46	
-17.0042	0.0000	5.8493	11.15	-0.00	11.15	0.17	-0.24	1.01	1.13	25.96	34.69	
-14.6593	0.0000	4.7699	9.89	-0.00	9.89	-0.05	-0.25	0.98	0.98	26.06	35.00	
-14.0156	0.0000	1.3103	12.71	-0.00	12.71	0.17	-0.19	0.83	0.93	26.19	34.25	
-13.9681	0.0000	0.0966	13.87	-0.00	13.87	0.04	-0.41	1.09	0.93	26.32	33.96	
-14.8347	0.0000	-1.7640	16.60	-0.00	16.60	0.05	-0.03	1.08	0.99	26.46	35.46	
-16.2164	0.0000	-2.8089	19.03	-0.00	19.03	0.04	-0.22	0.92	1.08	26.61	34.73	
-17.1342	0.0000	-1.8696	19.00	-0.00	19.00	0.02	-0.22	0.93	1.14	26.77	34.86	
-18.6665	0.0000	-3.1144	21.78	-0.00	21.78	-0.30	-0.52	1.40	1.24	26.98	33.98	
-21.8998	0.0000	-6.5919	28.49	-0.00	28.49	0.02	-0.08	0.90	1.46	27.17	33.74	
-26.1946	0.0000	-8.7121	34.91	-0.00	34.91	0.12	-0.46	0.81	1.75	27.34	32.13	
-30.8320	0.0000	-9.4667	40.30	-0.00	40.30	-0.05	-0.27	0.91	2.06	27.54	35.92	
-36.3308	0.0000	-11.1610	47.49	-0.00	47.49	-0.02	-0.19	1.00	2.42	27.77	33.97	
-41.7966	0.0000	-11.1323	52.93	-0.00	52.93	-0.08	-0.48	0.91	2.79	27.98	36.48	
-48.2158	0.0000	-13.0575	61.27	-0.00	61.27	0.04	-0.11	1.05	3.21	28.13	34.61	
-53.8762	0.0000	-11.5308	65.41	-0.00	65.41	-0.13	-0.18	1.00	3.59	28.29	37.32	
-59.9753	0.0000	-12.3990	72.37	-0.00	72.37	0.00	-0.04	0.85	4.00	28.47	35.72	
-66.3653	0.0000	-13.0185	79.38	-0.00	79.38	0.29	0.24	0.76	4.42	28.54	35.94	
-69.7862	0.0000	-6.9559	76.74	-0.00	76.74	-0.56	-0.17	1.45	4.65	28.73	34.84	
-71.1434	0.0000	-2.7620	73.91	-0.00	73.91	0.12	0.07	1.41	4.74	28.70	34.57	
-68.9989	0.0000	4.3613	64.64	-0.00	64.64	-0.26	-0.06	1.17	4.60	28.57	35.37	
-66.1994	0.0000	5.6936	60.51	-0.00	60.51	-0.36	0.11	0.77	4.41	28.42	34.87	
-62.8727	0.0000	6.7782	56.09	-0.00	56.09	0.18	-0.09	0.51	4.19	28.34	36.09	
-59.8041	0.0000	6.2426	53.56	-0.00	53.56	-0.04	-0.09	0.51	3.99	28.43	24.92	
-57.3485	0.0000	4.9938	52.35	-0.00	52.35	-0.01	-0.13	0.57	3.82	28.60	25.46	
-56.1210	0.0000	2.5040	53.62	-0.00	53.62	0.23	-0.03	0.76	3.74	28.89	14.97	
-54.7794	0.0000	2.7245	52.05	-0.00	52.05	-0.75	-0.43	1.60	3.65	29.16	15.11	
-52.8829	0.0000	3.8738	49.01	-0.00	49.01	0.30	-0.32	0.86	3.53	29.41	7.54	
-50.7556	0.0000	4.3198	46.44	-0.00	46.44	0.51	-0.22	0.53	3.38	29.69	8.37	
-48.1318	0.0000	5.3499	42.78	-0.00	42.78	-0.05	-0.00	1.04	3.21	30.19	-6.77	
-42.4412	0.0000	11.5379	30.90	-0.00	30.90	0.51	-0.38	0.64	2.83	30.81	-3.34	
-37.6638	0.0000	9.7495	27.91	-0.00	27.91	-1.49	0.03	1.96	2.51	31.36	-18.54	
-33.0661	0.0000	9.3375	23.73	-0.00	23.73	1.07	-0.45	1.39	2.20	31.42	-15.64	
-28.0640	0.0000	10.1768	17.89	-0.00	17.89	-0.46	-0.73	1.34	1.87	31.42	-42.58	
-20.7664	0.0000	14.8384	5.93	-0.00	5.93	-0.00	0.15	1.00	1.38	31.50	-52.16	
-17.0854	0.0000	7.4921	9.59	-0.00	9.59	0.15	-0.16	0.56	1.14	31.78	-48.83	
-12.5612	0.0000	9.1829	3.38	-0.00	3.38	-0.20	-0.72	1.08	0.84	32.14	-56.84	
-12.2549	0.0000	0.6256	11.63	-0.00	11.63	0.45	0.20	1.24	0.82	32.16	-56.61	
-12.4369	0.0000	-0.3697	12.81	-0.00	12.81	-0.26	-0.88	1.37	0.83	32.15	-56.74	
-12.6542	0.0000	-0.4430	13.10	-0.00	13.10	-0.11	-0.18	0.80	0.84	32.20	-56.48	
-14.1988	0.0000	-3.1394	17.34	-0.00	17.34	0.00	-0.14	0.82	0.95	32.32	-58.95	
-15.3339	0.0000	-2.3069	17.64	-0.00	17.64	0.09	-0.47	1.06	1.02	32.35	-59.06	
-14.6386	0.0000	1.4143	13.22	-0.00	13.22	-0.17	-0.72	1.05	0.98	32.34	-54.90	
-15.3777	0.0000	-1.5081	16.89	-0.00	16.89	0.03	0.03	0.82	1.03	32.37	-54.95	
-16.1410	0.0000	-1.5487	17.69	-0.00	17.69	0.02	-0.55	0.95	1.08	32.43	-59.28	
-16.6641	0.0000	-1.0668	17.73	-0.00	17.73	-0.00	-0.36	1.00	1.11	32.46	-59.23	
-18.5716	0.0000	-3.8741	22.45	-0.00	22.45	0.01	-0.27	0.98	1.24	32.45	-62.61	
-20.4452	0.0000	-3.8118	24.26	-0.00	24.26	0.06	-0.34	0.92	1.36	32.46	-62.97	
-22.8280	0.0000	-4.8527	27.68	-0.00	27.68	0.08	-0.26	0.92	1.52	32.45	-56.01	
-24.6699	0.0000	-3.7496	28.42	-0.00	28.42	0.05	-0.48	0.89	1.64	32.44	-56.54	
-26.0238	0.0000	-2.7543	28.78	-0.00	28.78	-0.07	-0.26	1.01	1.73	32.41	-59.00	
-27.3683	0.0000	-2.7390	30.11	-0.00	30.11	0.02	-0.38	0.97	1.82	32.40	-59.32	
-28.6702	0.0000	-2.6442	31.31	-0.00	31.31	-0.02	-0.39	0.99	1.91	32.36	-58.33	
-30.8666	0.0000	-4.4770	35.34	-0.00	35.34	-0.03	-0.16	1.01	2.06	32.33	-58.99	
-32.8678	0.0000	-4.0714	36.94	-0.00	36.94	0.04	-0.33	0.93	2.19	32.30	-54.28	
-34.1288	0.0000	-2.5697	36.70	-0.00	36.70	0.05	-0.21	0.92	2.28	32.28	-54.72	
-34.1286	0.0000	0.0005	34.13	-0.00	34.13	-0.06	-0.27	0.97	2.28	32.29	-51.74	
-32.9071	0.0000	2.4899	30.42	-0.00	30.42	0.12	-0.11	0.94	2.19	32.23	-51.72	
-31.3184	0.0000	3.2322	28.09	-0.00	28.09	-0.08	-0.15	0.91	2.09	32.14	-62.21	
-29.3247	0.0000	4.0586	25.27	-0.00	25.27	-0.11	-0.23	1.08	1.95	32.07	-62.19	
-27.3145	0.0000	4.0890	23.23	-0.00	23.23	0.20	-0.04	0.95	1.82	32.01	-65.08	
-25.1070	0.0000	4.4935	20.61	-0.00	20.61	0.01	-0.13	1.14	1.67	31.96	-64.98	
-22.5599	0.0000	5.1779	17.38	-0.00	17.38	0.09	-0.18	0.97	1.50	31.90	-68.23	
-20.4351	0.0000	4.3234	16.11	-0.00	16.11	-0.04	-0.17	1.06	1.36	31.80	-68.50	
-18.4123	0.0000	4.1118	14.30	-0.00	14.30	-0.04	-0.15	0.90	1.23	31.73	-69.77	
-16.5967	0.0000	3.6985	12.90	-0.00	12.90	0.11	-0.03	0.98	1.11	31.67	-69.89	
-14.0428	0.0000	5.1910	8.85	-0.00	8.85	0.20	-0.28	0.97	0.94	31.60	-76.26	
-11.8895	0.0000	4.3900	7.50	-0.00	7.50	0.06	-0.09	1.03	0.79	31.52	-76.52	
-10.4795	0.0000	2.8635	7.62	-0.00	7.62	-0.06	-0.20	1.05	0.70	31.46	-72.73	
-10.1006	0.0000	0.7721	9.33	-0.00	9.33	0.06	-0.04	0.92	0.67	31.39	-76.87	
-10.4363	0.0000	-0.6824	11.12	-0.00	11.12	0.04	-0.17	1.02	0.70	31.32	-77.34	
-10.3939	0.0000	0.0863	10.31	-0.00	10.31	0.01	-0.36	1.02	0.69	31.24	-80.46	
-10.6445	0.0000	-0.5092	11.15	-0.00	11.15	0.02	-0.20	0.99	0.71	31.17	-80.95	
-10.6517	0.0000	-0.0148	10.67	-0.00	10.67	0.05	-0.30	0.91	0.71	31.11	-77.95	
-10.4790	0.0000	0.3511	10.13	-0.00	10.13	0.08	-0.28	0.99	0.70	31.06	-78.28	
-10.6781	0.0000	-0.4057	11.08	-0.00	11.08	-0.03	-0.22	1.00	0.71	31.00	-77.63	
-10.6237	0.0000	0.1105	10.51	-0.00	10.51	0.02	-0.30	1.00	0.71	30.96	-77.92	
-10.9059	0.0000	-0.5750	11.48	-0.00	11.48	0.06	-0.13	1.00	0.73	30.91	-76.81	
-11.2943	0.0000	-0.7895	12.08	-0.00	12.08	0.07	-0.32	0.96	0.75	30.82	-77.42	
-12.0400	0.0000	-1.5188	13.56	-0.00	13.56	-0.14	-0.18	1.03	0.80	30.76	-80.02	
-13.6226	0.0000	-3.2167	16.84	-0.00	16.84	0.01	-0.26	1.00	0.91	30.70	-80.51	
-15.1306	0.0000	-3.0713	18.20	-0.00	18.20	0.08	-0.28	0.97	1.01	30.63	-78.30	
-15.9912	0.0000	-1.7491	17.74	-0.00	17.74	0.04	-0.16	0.98	1.07	30.55	-78.86	
-16.5017	0.0000	-1.0396	17.54	-0.00	17.54	-0.05	-0.14	0.96	1.10	30.49	-82.31	
-15.7127	0.0000	1.6036	14.11	-0.00	14.11	0.09	-0.47	0.91	1.05	30.40	-82.81	
-15.2014	0.0000	1.0418	14.16	-0.00	14.16	0.03	-0.17	0.96	1.01	30.30	-79.83	
-15.6847	0.0000	-0.9827	16.67	-0.00	16.67	0.05	-0.28	0.96	1.05	30.23	-80.30	
-16.0987	0.0000	-0.8432	16.94	-0.00	16.94	0.14	-0.41	0.96	1.07	30.17	-79.11	
-17.5224	0.0000	-2.8970	20.42	-0.00	20.42	-0.03	-0.17	1.00	1.17	30.12	-79.54	
-19.4833	0.0000	-3.9900	23.47	-0.00	23.47	-0.01	-0.15	0.98	1.30	30.10	-81.90	
-20.7878	0.0000	-2.6505	23.44	-0.00	23.44	0.11	-0.23	0.93	1.39	30.05	-82.28	
-21.4545	0.0000	-1.3604	22.81	-0.00	22.81	-0.04	-0.21	1.06	1.43	29.98	-80.47	
-21.5004	0.0000	-0.0932	21.59	-0.00	21.59	-0.09	-0.25	1.04	1.43	29.92	-80.88	
-21.2471	0.0000	0.5160	20.73	-0.00	20.73	-0.04	-0.30	0.94	1.42	29.86	-82.48	
-20.7435	0.0000	1.0225	19.72	-0.00	19.72	-0.11	-0.46	1.04	1.38	29.77	-82.99	
-20.9310	0.0000	-0.3826	21.31	-0.00	21.31	0.03	-0.15	1.03	1.40	29.70	-85.04	
-21.2357	0.0000	-0.6186	21.85	-0.00	21.85	0.11	-0.17	0.87	1.42	29.61	-85.59	
-21.0146	0.0000	0.4508	20.56	-0.00	20.56	0.00	-0.30	0.96	1.40	29.55	-92.05	
-21.1247	0.0000	-0.2232	21.35	-0.00	21.35	0.11	-0.05	1.00	1.41	29.50	-92.38	
-21.2404	0.0000	-0.2356	21.48	-0.00	21.48	0.11	-0.19	1.04	1.42	29.43	-86.02	
-20.6409	0.0000	1.2228	19.42	-0.00	19.42	-0.04	-0.30	0.91	1.38	29.37	-86.46	
-20.3668	0.0000	0.5579	19.81	-0.00	19.81	-0.02	-0.11	0.95	1.36	29.30	-88.14	
-20.1811	0.0000	0.3774	19.80	-0.00	19.80	-0.02	-0.24	1.06	1.35	29.22	-88.72	
-19.6707	0.0000	1.0398	18.63	-0.00	18.63	0.08	-0.21	0.91	1.31	29.13	-89.76	
-18.9887	0.0000	1.3856	17.60	-0.00	17.60	0.12	-0.13	0.92	1.27	29.07	-90.25	
-18.5387	0.0000	0.9170	17.62	-0.00	17.62	0.14	-0.13	0.98	1.24	29.01	-88.04	
-17.7932	0.0000	1.5158	16.28	-0.00	16.28	0.09	-0.17	1.03	1.19	28.96	-93.03	
-16.5991	0.0000	2.4289	14.17	-0.00	14.17	-0.11	-0.20	1.01	1.11	28.92	-93.31	
-15.2301	0.0000	2.7850	12.45	-0.00	12.45	-0.03	-0.17	0.97	1.02	28.87	-91.72	
-13.6409	0.0000	3.2352	10.41	-0.00	10.41	0.01	-0.20	0.97	0.91	28.79	-92.31	
-12.2808	0.0000	2.7634	9.52	-0.00	9.52	0.09	-0.15	0.94	0.82	28.72	-95.31	
-11.0713	0.0000	2.4651	8.61	-0.00	8.61	0.07	-0.29	0.95	0.74	28.66	-95.80	
-10.6598	0.0000	0.8363	9.82	-0.00	9.82	0.03	-0.19	0.97	0.71	28.60	-96.36	
-11.4068	0.0000	-1.5216	12.93	-0.00	12.93	-0.04	-0.24	1.07	0.76	28.55	-96.68	
-13.1029	0.0000	-3.4475	16.55	-0.00	16.55	-0.05	-0.16	0.99	0.87	28.51	-98.11	
-15.6232	0.0000	-5.1346	20.76	-0.00	20.76	0.03	-0.20	0.99	1.04	28.44	-98.40	
-17.6739	0.0000	-4.1660	21.84	-0.00	21.84	0.07	-0.17	0.97	1.18	28.35	-91.87	
-18.9121	0.0000	-2.5236	21.44	-0.00	21.44	0.04	-0.14	0.96	1.26	28.28	-92.41	
-19.1827	0.0000	-0.5498	19.73	-0.00	19.73	0.02	-0.25	0.95	1.28	28.21	-96.99	
-18.4763	0.0000	1.4402	17.04	-0.00	17.04	0.03	-0.38	0.90	1.23	28.12	-97.66	
-17.5151	0.0000	1.9563	15.56	-0.00	15.56	0.02	-0.20	0.94	1.17	28.07	-102.49	
-16.9115	0.0000	1.2178	15.69	-0.00	15.69	0.08	-0.24	0.92	1.13	28.03	-102.84	
-16.5832	0.0000	0.6617	15.92	-0.00	15.92	0.08	-0.25	0.99	1.11	27.99	-101.10	
-17.3662	0.0000	-1.5815	18.95	-0.00	18.95	-0.05	-0.13	1.08	1.16	27.93	-101.48	
-18.0573	0.0000	-1.3928	19.45	-0.00	19.45	0.04	-0.14	0.97	1.20	27.87	-98.96	
-19.0067	0.0000	-1.9341	20.94	-0.00	20.94	0.08	-0.15	0.92	1.27	27.78	-99.57	
-19.3389	0.0000	-0.6753	20.01	-0.00	20.01	0.01	-0.29	0.96	1.29	27.69	-103.09	
-19.2938	0.0000	0.0911	19.20	-0.00	19.20	0.05	-0.17	0.94	1.29	27.61	-103.66	
-18.8249	0.0000	0.9450	17.88	-0.00	17.88	0.02	-0.37	0.95	1.25	27.55	-105.75	
-17.7514	0.0000	2.1686	15.58	-0.00	15.58	0.12	-0.23	0.92	1.18	27.52	-106.12	
-17.7155	0.0000	0.0724	17.64	-0.00	17.64	0.08	-0.02	1.03	1.18	27.46	-104.92	
-17.1450	0.0000	1.1514	15.99	-0.00	15.99	-0.02	-0.35	0.92	1.14	27.43	-105.28	
-16.8312	0.0000	0.6326	16.20	-0.00	16.20	-0.01	-0.11	1.03	1.12	27.38	-104.80	
-17.2091	0.0000	-0.7635	17.97	-0.00	17.97	0.01	-0.14	1.05	1.15	27.31	-105.30	
-17.5528	0.0000	-0.6925	18.25	-0.00	18.25	-0.02	-0.26	0.97	1.17	27.25	-107.56	
-17.9778	0.0000	-0.8585	18.84	-0.00	18.84	0.05	-0.10	0.90	1.20	27.19	-107.88	
-18.8538	0.0000	-1.7657	20.62	-0.00	20.62	0.08	-0.06	0.99	1.26	27.13	-105.08	
-19.0751	0.0000	-0.4466	19.52	-0.00	19.52	0.01	-0.37	1.01	1.27	27.06	-108.04	
-18.7595	0.0000	0.6361	18.12	-0.00	18.12	-0.02	-0.20	0.96	1.25	26.99	-108.58	
-18.1175	0.0000	1.2987	16.82	-0.00	16.82	-0.05	-0.30	0.87	1.21	26.96	-112.55	
-17.1367	0.0000	1.9773	15.16	-0.00	15.16	0.16	-0.29	0.85	1.14	26.89	-113.20	
-16.5195	0.0000	1.2471	15.27	-0.00	15.27	-0.13	-0.12	1.10	1.10	26.81	-115.33	
-16.2528	0.0000	0.5375	15.72	-0.00	15.72	-0.08	-0.13	1.05	1.08	26.77	-115.72	
-16.0033	0.0000	0.5038	15.50	-0.00	15.50	0.09	-0.18	0.98	1.07	26.70	-114.36	
-16.0474	0.0000	-0.0889	16.14	-0.00	16.14	0.04	-0.12	0.95	1.07	26.64	-114.79	
-15.8008	0.0000	0.4980	15.30	-0.00	15.30	0.05	-0.18	0.99	1.05	26.59	-115.31	
-15.2387	0.0000	1.1328	14.11	-0.00	14.11	0.05	-0.10	0.99	1.02	26.53	-115.81	
-14.3105	0.0000	1.8748	12.44	-0.00	12.44	0.00	-0.19	0.96	0.95	26.49	-116.32	
-13.1386	0.0000	2.3601	10.78	-0.00	10.78	0.07	-0.18	0.90	0.88	26.45	-116.86	
-12.1242	0.0000	2.0471	10.08	-0.00	10.08	-0.01	-0.24	1.03	0.81	26.39	-120.47	
-11.6927	0.0000	0.8711	10.82	-0.00	10.82	-0.03	-0.04	1.02	0.78	26.32	-121.04	
-11.4404	0.0000	0.5096	10.93	-0.00	10.93	0.04	-0.16	0.97	0.76	26.23	-122.43	
-11.0237	0.0000	0.8399	10.18	-0.00	10.18	-0.01	-0.23	1.01	0.73	26.13	-123.11	
-10.8906	0.0000	0.2688	10.62	-0.00	10.62	0.08	-0.12	1.00	0.73	26.06	-122.05	
-10.9754	0.0000	-0.1709	11.15	-0.00	11.15	0.10	-0.17	0.97	0.73	26.01	-122.36	
-10.9761	0.0000	-0.0014	10.98	-0.00	10.98	0.05	-0.19	0.96	0.73	25.96	-122.99	
-11.0463	0.0000	-0.1414	11.19	-0.00	11.19	-0.03	-0.15	1.02	0.74	25.92	-123.22	
-11.1643	0.0000	-0.2383	11.40	-0.00	11.40	0.02	-0.17	0.98	0.74	25.86	-124.74	
-10.9869	0.0000	0.3575	10.63	-0.00	10.63	0.05	-0.24	0.96	0.73	25.80	-125.15	
-10.9041	0.0000	0.1673	10.74	-0.00	10.74	0.05	-0.16	0.98	0.73	25.74	-119.21	
-10.7060	0.0000	0.3992	10.31	-0.00	10.31	-0.04	-0.19	1.00	0.71	25.68	-119.61	
-10.4968	0.0000	0.4225	10.07	-0.00	10.07	-0.02	-0.20	0.99	0.70	25.62	-123.46	
-10.5675	0.0000	-0.1426	10.71	-0.00	10.71	0.01	-0.15	1.04	0.70	25.53	-123.98	
-10.4483	0.0000	0.2408	10.21	-0.00	10.21	-0.03	-0.23	1.02	0.70	25.44	-129.03	
-10.3972	0.0000	0.1029	10.29	-0.00	10.29	0.02	-0.08	0.99	0.69	25.36	-123.58	
-10.3652	0.0000	0.0647	10.30	-0.00	10.30	0.11	-0.19	0.96	0.69	25.27	-124.14	
-9.6624	0.0000	1.4163	8.25	-0.00	8.25	0.02	-0.22	0.97	0.64	25.18	-129.78	
-9.4005	0.0000	0.5290	8.87	-0.00	8.87	-0.05	-0.03	1.04	0.63	25.11	-130.23	
-8.9884	0.0000	0.8306	8.16	-0.00	8.16	0.09	-0.23	0.96	0.60	25.05	-130.65	
-8.6538	0.0000	0.6758	7.98	-0.00	7.98	0.07	-0.16	0.99	0.58	24.98	-131.12	
-9.0430	0.0000	-0.7843	9.83	-0.00	9.83	-0.02	-0.12	1.02	0.60	24.93	-130.36	
-9.2300	0.0000	-0.3782	9.61	-0.00	9.61	0.02	-0.16	0.98	0.62	24.89	-130.54	
-9.6761	0.0000	-0.8979	10.57	-0.00	10.57	0.02	-0.12	0.97	0.65	24.83	-128.17	
-9.3245	0.0000	0.7103	8.61	-0.00	8.61	-0.00	-0.27	0.96	0.62	24.78	-128.55	
-9.0618	0.0000	0.5295	8.53	-0.00	8.53	0.09	-0.04	0.99	0.60	24.72	-132.34	
-8.4616	0.0000	1.2111	7.25	-0.00	7.25	0.04	-0.30	0.96	0.56	24.67	-132.81	
-7.3752	0.0000	2.1915	5.18	-0.00	5.18	-0.00	-0.18	0.98	0.49	24.63	-133.33	
-7.3821	0.0000	-0.0139	7.40	-0.00	7.40	0.05	-0.09	0.99	0.49	24.58	-133.60	
-6.8471	0.0000	1.0775	5.77	-0.00	5.77	-0.06	-0.38	1.02	0.46	24.53	-135.79	
-7.4007	0.0000	-1.1182	8.52	-0.00	8.52	0.05	0.05	0.98	0.49	24.47	-135.88	
-8.2851	0.0000	-1.7834	10.07	-0.00	10.07	0.07	-0.32	0.97	0.55	24.39	-134.08	
-8.8097	0.0000	-1.0610	9.87	-0.00	9.87	0.03	-0.14	0.99	0.59	24.34	-134.17	
-10.3211	0.0000	-3.0396	13.36	-0.00	13.36	0.04	-0.10	0.99	0.69	24.29	-138.14	
-11.1541	0.0000	-1.6839	12.84	-0.00	12.84	0.01	-0.34	0.95	0.74	24.23	-138.11	
-12.3884	0.0000	-2.4876	14.88	-0.00	14.88	0.01	-0.06	0.99	0.83	24.18	-136.90	
-13.7098	0.0000	-2.6696	16.38	-0.00	16.38	0.01	-0.23	0.99	0.91	24.13	-136.71	
-14.5667	0.0000	-1.7267	16.29	-0.00	16.29	0.03	-0.20	0.97	0.97	24.07	-133.08	
-15.0966	0.0000	-1.0704	16.17	-0.00	16.17	-0.01	-0.23	0.98	1.01	24.02	-133.16	
-14.9845	0.0000	0.2259	14.76	-0.00	14.76	0.04	-0.24	0.98	1.00	23.97	-136.38	
-14.9165	0.0000	0.1373	14.78	-0.00	14.78	0.08	-0.05	0.99	0.99	23.93	-136.60	
-15.0857	0.0000	-0.3410	15.43	-0.00	15.43	0.05	-0.18	0.98	1.01	23.89	-139.89	
-15.0073	0.0000	0.1584	14.85	-0.00	14.85	-0.00	-0.19	0.99	1.00	23.86	-136.64	
-15.0616	0.0000	-0.1096	15.17	-0.00	15.17	0.02	-0.12	0.98	1.00	23.83	-136.74	
-14.8592	0.0000	0.4088	14.45	-0.00	14.45	0.06	-0.23	0.95	0.99	23.80	-134.84	
-14.3937	0.0000	0.9382	13.46	-0.00	13.46	0.04	-0.18	0.97	0.96	23.77	-135.11	
-14.0735	0.0000	0.6468	13.43	-0.00	13.43	0.03	-0.16	0.97	0.94	23.75	-136.36	
-13.8667	0.0000	0.4168	13.45	-0.00	13.45	0.06	-0.22	1.02	0.92	23.72	-136.54	
-13.9622	0.0000	-0.1930	14.16	-0.00	14.16	-0.02	-0.09	0.98	0.93	23.68	-136.81	
-14.4656	0.0000	-1.0144	15.48	-0.00	15.48	0.01	-0.13	0.98	0.96	23.64	-136.83	
-14.6899	0.0000	-0.4530	15.14	-0.00	15.14	0.05	-0.18	0.97	0.98	23.59	-134.07	
-14.7661	0.0000	-0.1536	14.92	-0.00	14.92	0.02	-0.14	0.99	0.98	23.54	-134.25	
-14.7976	0.0000	-0.0637	14.86	-0.00	14.86	0.05	-0.16	0.98	0.99	23.51	-134.86	
-14.4467	0.0000	0.7073	13.74	-0.00	13.74	0.02	-0.23	0.99	0.96	23.48	-135.09	
-14.2033	0.0000	0.4916	13.71	-0.00	13.71	0.03	-0.09	0.97	0.95	23.46	-137.20	
-13.8744	0.0000	0.6629	13.21	-0.00	13.21	0.03	-0.16	0.95	0.92	23.44	-137.38	
-13.2103	0.0000	1.3417	11.87	-0.00	11.87	0.04	-0.18	0.96	0.88	23.41	-135.36	
-12.6334	0.0000	1.1628	11.47	-0.00	11.47	0.04	-0.13	0.98	0.84	23.39	-135.59	
-12.1462	0.0000	0.9839	11.16	-0.00	11.16	0.04	-0.17	1.04	0.81	23.36	-133.32	
-12.1460	0.0000	0.0003	12.15	-0.00	12.15	-0.04	-0.07	1.01	0.81	23.34	-133.42	
-12.2843	0.0000	-0.2792	12.56	-0.00	12.56	-0.02	-0.14	1.00	0.82	23.30	-131.63	
-12.3722	0.0000	-0.1772	12.55	-0.00	12.55	0.03	-0.12	0.98	0.82	23.25	-131.83	
-12.4861	0.0000	-0.2302	12.72	-0.00	12.72	0.02	-0.14	1.00	0.83	23.19	-136.06	
-12.5097	0.0000	-0.0475	12.56	-0.00	12.56	0.04	-0.15	0.97	0.83	23.15	-136.24	
-12.1232	0.0000	0.7809	11.34	-0.00	11.34	0.04	-0.19	0.99	0.81	23.11	-132.81	
-11.5243	0.0000	1.2069	10.32	-0.00	10.32	0.06	-0.16	0.96	0.77	23.07	-133.11	
-10.8994	0.0000	1.2623	9.64	-0.00	9.64	-0.01	-0.18	0.99	0.73	23.03	-133.88	
-10.1853	0.0000	1.4386	8.75	-0.00	8.75	-0.05	-0.19	1.01	0.68	23.00	-134.17	
-9.3886	0.0000	1.6097	7.78	-0.00	7.78	0.06	-0.15	0.98	0.63	22.98	-132.42	
-8.5548	0.0000	1.6805	6.87	-0.00	6.87	0.09	-0.16	0.95	0.57	22.94	-135.21	
-7.8121	0.0000	1.5000	6.31	-0.00	6.31	0.03	-0.17	0.97	0.52	22.90	-135.51	
-7.2887	0.0000	1.0544	6.23	-0.00	6.23	0.01	-0.10	1.00	0.49	22.88	-134.53	
-7.0106	0.0000	0.5622	6.45	-0.00	6.45	0.01	-0.21	1.00	0.47	22.84	-134.73	
-7.0004	0.0000	0.0204	6.98	-0.00	6.98	-0.00	-0.04	1.00	0.47	22.80	-132.19	
-7.2325	0.0000	-0.4688	7.70	-0.00	7.70	0.01	-0.15	0.99	0.48	22.75	-132.34	
-7.2322	0.0000	0.0005	7.23	-0.00	7.23	0.04	-0.11	0.99	0.48	22.68	-132.68	
-7.3329	0.0000	-0.2034	7.54	-0.00	7.54	0.01	-0.10	1.00	0.49	22.62	-132.88	
-7.0352	0.0000	0.6000	6.44	-0.00	6.44	0.05	-0.17	0.96	0.47	22.57	-135.06	
-6.7555	0.0000	0.5651	6.19	-0.00	6.19	0.04	-0.11	0.98	0.45	22.51	-135.33	
-6.2278	0.0000	1.0634	5.16	-0.00	5.16	-0.01	-0.18	1.00	0.42	22.46	-132.13	
-5.5299	0.0000	1.4120	4.12	-0.00	4.12	0.02	-0.14	0.99	0.37	22.41	-132.48	
-5.0265	0.0000	1.0146	4.01	-0.00	4.01	0.04	-0.13	0.99	0.34	22.35	-135.20	
-4.2216	0.0000	1.6256	2.60	-0.00	2.60	0.01	-0.19	0.99	0.28	22.30	-135.57	
-3.6630	0.0000	1.1258	2.54	-0.00	2.54	0.02	-0.09	1.00	0.24	22.24	-137.35	
-2.9335	0.0000	1.4738	1.46	-0.00	1.46	0.03	-0.19	0.98	0.20	22.18	-137.71	
-2.0229	0.0000	1.8350	0.19	-0.00	0.19	0.02	-0.13	0.99	0.13	22.12	-135.77	
-1.0899	0.0000	1.8848	-0.79	-0.00	-0.79	0.02	-0.13	0.99	0.07	22.06	-136.17	
0.1171	0.0000	2.4319	-2.55	-0.00	-2.55	0.03	-0.17	0.98	-0.01	22.01	-137.79	
1.3973	0.0000	2.5858	-3.98	-0.00	-3.98	0.03	-0.12	0.99	-0.09	21.95	-138.27	
2.8624	0.0000	2.9534	-5.82	-0.00	-5.82	0.03	-0.15	0.99	-0.19	21.89	-135.39	
4.5397	0.0000	3.3878	-7.93	-0.00	-7.93	0.03	-0.15	0.98	-0.30	21.84	-135.96	
6.2860	0.0000	3.5199	-9.81	-0.00	-9.81	0.02	-0.14	0.99	-0.42	21.78	-137.82	
8.2023	0.0000	3.8709	-12.07	-0.00	-12.07	0.02	-0.16	0.99	-0.55	21.72	-138.46	
10.2171	0.0000	4.0596	-14.28	-0.00	-14.28	0.03	-0.15	0.99	-0.68	21.67	-136.61	
12.3204	0.0000	4.2496	-16.57	-0.00	-16.57	0.03	-0.18	0.97	-0.82	21.61	-137.30	
14.4782	0.0000	4.3452	-18.82	-0.00	-18.82	0.02	-0.18	0.98	-0.97	21.56	-137.67	
16.6192	0.0000	4.3269	-20.95	-0.00	-20.95	0.02	-0.18	0.98	-1.11	21.50	-141.18	
18.7441	0.0000	4.2834	-23.03	-0.00	-23.03	0.02	-0.20	0.99	-1.25	21.44	-141.89	
20.8261	0.0000	4.2049	-25.03	-0.00	-25.03	0.02	-0.21	0.98	-1.39	21.39	-145.96	
22.8120	0.0000	4.0024	-26.81	-0.00	-26.81	0.02	-0.19	0.99	-1.52	21.33	-146.67	
24.7964	0.0000	4.0079	-28.80	-0.00	-28.80	0.02	-0.20	0.97	-1.65	21.27	-146.82	
26.7290	0.0000	3.8955	-30.62	-0.00	-30.62	0.02	-0.20	0.98	-1.78	21.22	-147.55	
28.5751	0.0000	3.7286	-32.30	-0.00	-32.30	0.02	-0.19	0.99	-1.91	21.16	-147.57	
30.3380	0.0000	3.5528	-33.89	-0.00	-33.89	0.03	-0.19	0.98	-2.02	21.10	-148.26	
31.3540	0.0000	2.0524	-33.41	-0.00	-33.41	0.01	-0.13	1.00	-2.09	21.03	-145.16	
31.1744	0.0000	-0.3620	-30.81	-0.00	-30.81	0.04	-0.01	1.06	-2.08	20.95	-145.37	
30.7495	0.0000	-0.8570	-29.89	-0.00	-29.89	0.03	-0.20	0.99	-2.05	20.83	-146.99	
30.6585	0.0000	-0.1834	-30.48	-0.00	-30.48	-0.03	-0.27	0.90	-2.04	20.71	-147.30	
30.2917	0.0000	-0.7403	-29.55	-0.00	-29.55	0.01	-0.12	0.94	-2.02	20.60	-147.50	
28.8962	0.0000	-2.8143	-26.08	-0.00	-26.08	0.13	-0.01	1.01	-1.93	20.47	-147.43	
27.5737	0.0000	-2.6711	-24.90	-0.00	-24.90	0.02	-0.28	0.96	-1.84	20.35	-147.38	
26.7783	0.0000	-1.6031	-25.18	-0.00	-25.18	-0.10	-0.22	1.03	-1.79	20.26	-147.41	
26.5063	0.0000	-0.5496	-25.96	-0.00	-25.96	0.01	-0.31	1.02	-1.77	20.16	-149.48	
26.1749	0.0000	-0.6687	-25.51	-0.00	-25.51	0.11	-0.20	0.94	-1.74	20.03	-149.71	
24.9456	0.0000	-2.4797	-22.47	-0.00	-22.47	-0.02	-0.09	0.98	-1.66	19.91	-148.44	
23.5922	0.0000	-2.7267	-20.87	-0.00	-20.87	0.01	-0.22	0.96	-1.57	19.80	-148.34	
22.6104	0.0000	-1.9837	-20.63	-0.00	-20.63	0.11	-0.14	0.93	-1.51	19.69	-149.07	
21.9844	0.0000	-1.2616	-20.72	-0.00	-20.72	0.12	-0.19	0.90	-1.47	19.57	-149.20	
21.4151	0.0000	-1.1508	-20.26	-0.00	-20.26	0.05	-0.18	0.93	-1.43	19.47	-152.88	
20.8253	0.0000	-1.1877	-19.64	-0.00	-19.64	-0.04	-0.24	1.04	-1.39	19.39	-152.88	
20.1929	0.0000	-1.2776	-18.92	-0.00	-18.92	-0.01	-0.24	1.00	-1.35	19.33	-154.09	
19.2769	0.0000	-1.8460	-17.43	-0.00	-17.43	0.05	-0.19	1.00	-1.29	19.24	-154.01	
18.2061	0.0000	-2.1625	-16.04	-0.00	-16.04	-0.00	-0.22	0.96	-1.21	19.14	-153.78	
17.5578	0.0000	-1.3067	-16.25	-0.00	-16.25	-0.02	-0.23	1.00	-1.17	19.04	-153.80	
17.0756	0.0000	-0.9741	-16.10	-0.00	-16.10	0.08	-0.21	0.95	-1.14	18.95	-153.85	
16.4386	0.0000	-1.2865	-15.15	-0.00	-15.15	0.09	-0.21	0.97	-1.10	18.87	-157.33	
15.7543	0.0000	-1.3820	-14.37	-0.00	-14.37	0.03	-0.22	0.99	-1.05	18.81	-157.26	
14.9307	0.0000	-1.6599	-13.27	-0.00	-13.27	0.03	-0.14	0.97	-1.00	18.75	-160.04	
14.0110	0.0000	-1.8581	-12.15	-0.00	-12.15	0.01	-0.19	0.99	-0.93	18.69	-159.87	
13.3839	0.0000	-1.2636	-12.12	-0.00	-12.12	0.02	-0.17	1.00	-0.89	18.62	-160.94	
12.8770	0.0000	-1.0241	-11.85	-0.00	-11.85	0.07	-0.12	0.96	-0.86	18.55	-160.90	
12.0374	0.0000	-1.6920	-10.35	-0.00	-10.35	0.05	-0.14	0.98	-0.80	18.47	-160.97	
11.6841	0.0000	-0.7136	-10.97	-0.00	-10.97	0.01	-0.23	0.99	-0.78	18.41	-160.95	
11.8329	0.0000	0.3000	-12.13	-0.00	-12.13	0.07	-0.10	0.97	-0.79	18.36	-160.91	
11.7581	0.0000	-0.1512	-11.61	-0.00	-11.61	0.06	-0.24	0.95	-0.78	18.29	-161.00	
11.6113	0.0000	-0.2958	-11.32	-0.00	-11.32	-0.01	-0.17	1.00	-0.77	18.23	-163.44	
11.3892	0.0000	-0.4486	-10.94	-0.00	-10.94	-0.08	-0.17	1.02	-0.76	18.19	-163.42	
11.3457	0.0000	-0.0876	-11.26	-0.00	-11.26	0.07	-0.26	0.95	-0.76	18.14	-162.87	
10.9301	0.0000	-0.8397	-10.09	-0.00	-10.09	0.08	-0.02	0.98	-0.73	18.07	-162.84	
11.2060	0.0000	0.5561	-11.76	-0.00	-11.76	-0.05	-0.33	1.00	-0.75	18.02	-165.46	
11.9741	0.0000	1.5518	-13.53	-0.00	-13.53	0.08	-0.13	0.95	-0.80	17.99	-165.71	
11.8262	0.0000	-0.2979	-11.53	-0.00	-11.53	0.09	-0.04	0.99	-0.79	17.93	-166.16	
12.1337	0.0000	0.6210	-12.75	-0.00	-12.75	-0.03	-0.20	0.99	-0.81	17.90	-166.29	
12.2958	0.0000	0.3268	-12.62	-0.00	-12.62	0.02	-0.02	1.00	-0.82	17.86	-164.91	
12.7260	0.0000	0.8704	-13.60	-0.00	-13.60	0.05	-0.22	0.97	-0.85	17.80	-165.11	
13.7336	0.0000	2.0307	-15.76	-0.00	-15.76	0.00	-0.15	0.99	-0.92	17.75	-164.09	
14.2743	0.0000	1.0921	-15.37	-0.00	-15.37	0.03	-0.07	1.00	-0.95	17.70	-164.30	
14.9883	0.0000	1.4389	-16.43	-0.00	-16.43	0.06	-0.24	0.98	-1.00	17.65	-168.98	
15.8162	0.0000	1.6727	-17.49	-0.00	-17.49	0.02	-0.14	0.98	-1.05	17.60	-169.25	
16.3277	0.0000	1.0298	-17.36	-0.00	-17.36	0.01	-0.15	0.99	-1.09	17.56	-168.59	
17.0106	0.0000	1.3806	-18.39	-0.00	-18.39	0.02	-0.22	0.97	-1.13	17.51	-168.83	
17.4172	0.0000	0.8194	-18.24	-0.00	-18.24	0.03	-0.13	0.99	-1.16	17.46	-168.99	
17.6794	0.0000	0.5292	-18.21	-0.00	-18.21	0.03	-0.18	0.99	-1.18	17.42	-170.95	
18.0304	0.0000	0.7076	-18.74	-0.00	-18.74	0.03	-0.18	0.99	-1.20	17.37	-171.09	
18.1897	0.0000	0.3217	-18.51	-0.00	-18.51	0.02	-0.14	0.99	-1.21	17.33	-168.32	
18.3357	0.0000	0.2943	-18.63	-0.00	-18.63	0.02	-0.19	0.98	-1.22	17.28	-168.40	
18.4988	0.0000	0.3297	-18.83	-0.00	-18.83	0.02	-0.16	0.98	-1.23	17.23	-170.33	
18.4595	0.0000	-0.0794	-18.38	-0.00	-18.38	0.03	-0.15	0.99	-1.23	17.19	-170.35	
18.4294	0.0000	-0.0607	-18.37	-0.00	-18.37	0.03	-0.18	0.99	-1.23	17.14	-170.09	
18.3790	0.0000	-0.1017	-18.28	-0.00	-18.28	0.03	-0.16	0.99	-1.23	17.10	-170.11	
18.2619	0.0000	-0.2365	-18.03	-0.00	-18.03	0.02	-0.18	0.99	-1.22	17.05	-170.85	
18.1142	0.0000	-0.2976	-17.82	-0.00	-17.82	0.02	-0.18	1.00	-1.21	17.01	-170.84	
17.7802	0.0000	-0.6747	-17.11	-0.00	-17.11	0.02	-0.16	0.98	-1.19	16.96	-169.10	
17.3426	0.0000	-0.8820	-16.46	-0.00	-16.46	0.04	-0.20	0.98	-1.16	16.91	-169.01	
16.7232	0.0000	-1.2513	-15.47	-0.00	-15.47	0.03	-0.21	0.98	-1.11	16.87	-169.32	
15.8008	0.0000	-1.8587	-13.94	-0.00	-13.94	0.02	-0.19	0.98	-1.05	16.82	-169.09	
14.7342	0.0000	-2.1544	-12.58	-0.00	-12.58	0.01	-0.22	0.98	-0.98	16.78	-167.60	
13.4352	0.0000	-2.6178	-10.82	-0.00	-10.82	0.01	-0.17	0.98	-0.90	16.74	-167.29	
11.9163	0.0000	-3.0684	-8.85	-0.00	-8.85	0.01	-0.17	0.99	-0.79	16.69	-168.88	
10.4195	0.0000	-3.0166	-7.40	-0.00	-7.40	0.03	-0.16	0.98	-0.69	16.65	-168.52	
8.8136	0.0000	-3.2434	-5.57	-0.00	-5.57	0.04	-0.15	0.98	-0.59	16.61	-168.01	
7.4300	0.0000	-2.7888	-4.64	-0.00	-4.64	0.02	-0.08	1.04	-0.50	16.56	-167.68	
8.0016	0.0000	1.1545	-9.16	-0.00	-9.16	0.06	0.14	0.96	-0.53	16.53	-168.04	
8.6541	0.0000	1.3151	-9.97	-0.00	-9.97	0.07	0.24	0.98	-0.58	16.48	-168.26	
9.8952	0.0000	2.5072	-12.40	-0.00	-12.40	-0.00	-0.21	1.02	-0.66	16.43	-169.03	
11.8998	0.0000	4.0393	-15.94	-0.00	-15.94	0.00	-0.13	1.01	-0.79	16.39	-169.58	
14.1256	0.0000	4.4891	-18.61	-0.00	-18.61	0.02	-0.08	0.96	-0.94	16.35	-168.80	
15.9881	0.0000	3.7510	-19.74	-0.00	-19.74	0.04	-0.23	0.98	-1.07	16.30	-169.32	
17.5542	0.0000	3.1711	-20.73	-0.00	-20.73	0.09	-0.17	0.91	-1.17	16.24	-173.11	
18.6626	0.0000	2.2339	-20.90	-0.00	-20.90	0.00	-0.10	0.99	-1.24	16.19	-172.29	
20.1541	0.0000	3.0126	-23.17	-0.00	-23.17	0.06	-0.22	1.12	-1.34	16.15	-172.71	
21.1010	0.0000	1.9083	-23.01	-0.00	-23.01	0.12	-0.03	1.02	-1.41	16.04	-172.78	
21.7944	0.0000	1.4006	-23.20	-0.00	-23.20	0.16	-0.27	0.87	-1.45	15.88	-173.05	
21.7551	0.0000	-0.0793	-21.68	-0.00	-21.68	0.12	-0.06	0.97	-1.45	15.72	-175.21	
20.4130	0.0000	-2.7088	-17.70	-0.00	-17.70	0.05	-0.21	1.02	-1.36	15.57	-174.90	
18.6294	0.0000	-3.5942	-15.04	-0.00	-15.04	0.05	-0.29	0.97	-1.24	15.43	-174.31	
15.7697	0.0000	-5.7766	-9.99	-0.00	-9.99	0.10	-0.08	0.92	-1.05	15.27	-173.64	
12.9777	0.0000	-5.6271	-7.35	-0.00	-7.35	0.00	-0.25	0.98	-0.87	15.13	-175.78	
10.3094	0.0000	-5.3901	-4.92	-0.00	-4.92	-0.09	-0.15	1.00	-0.69	15.00	-175.14	
7.2257	0.0000	-6.2005	-1.03	-0.00	-1.03	-0.02	-0.14	0.96	-0.48	14.88	-175.35	
4.1597	0.0000	-6.1970	2.04	-0.00	2.04	-0.06	-0.16	0.99	-0.28	14.74	-174.61	
0.6308	0.0000	-7.1117	6.48	-0.00	6.48	-0.14	0.03	1.09	-0.04	14.61	-179.48	
-3.0709	0.0000	-7.4782	10.55	-0.00	10.55	0.00	-0.08	0.95	0.20	14.46	-178.54	
-6.8283	0.0000	-7.5657	14.39	-0.00	14.39	-0.05	0.04	1.03	0.46	14.28	177.05	
-11.8096	0.0000	-10.1305	21.94	-0.00	21.94	-0.18	0.09	1.04	0.79	14.15	178.38	
-16.5747	0.0000	-9.7053	26.28	-0.00	26.28	0.09	-0.08	0.93	1.10	13.98	169.91	
-22.8373	0.0000	-12.7564	35.59	-0.00	35.59	-0.13	0.15	1.10	1.52	13.80	171.64	
-29.4936	0.0000	-13.5490	43.04	-0.00	43.04	-0.05	-0.17	1.10	1.97	13.59	157.59	
-37.5501	0.0000	-16.3944	53.94	-0.00	53.94	-0.21	0.14	1.11	2.50	13.35	160.09	
-45.9007	0.0000	-16.9593	62.86	-0.00	62.86	0.02	-0.12	1.07	3.06	13.08	150.77	
-53.7843	0.0000	-16.0362	69.82	-0.00	69.82	-0.17	0.22	1.15	3.59	12.84	153.38	
-60.6201	0.0000	-13.9118	74.53	-0.00	74.53	0.01	0.02	1.05	4.04	12.56	142.53	
-67.3273	0.0000	-13.6486	80.98	-0.00	80.98	-0.12	0.29	1.10	4.49	12.28	144.59	
-74.2407	0.0000	-14.0420	88.28	-0.00	88.28	0.14	0.09	1.01	4.95	11.89	134.78	
-79.7914	0.0000	-11.3074	91.10	-0.00	91.10	0.06	-0.09	1.06	5.32	11.50	136.82	
-85.7128	0.0000	-12.0354	97.75	-0.00	97.75	-0.01	0.21	1.01	5.71	11.08	131.73	
-90.3848	0.0000	-9.5128	99.90	-0.00	99.90	-0.11	-0.08	1.19	6.03	10.68	133.56	
-94.2930	0.0000	-7.9474	102.24	-0.00	102.24	-0.02	0.07	1.00	6.29	10.26	131.18	
-97.5850	0.0000	-6.7050	104.29	-0.00	104.29	-0.07	-0.26	1.14	6.51	9.87	132.79	
-101.3245	0.0000	-7.6036	108.93	-0.00	108.93	-0.06	-0.05	1.00	6.75	9.48	134.46	
-105.4626	0.0000	-8.3581	113.82	-0.00	113.82	0.09	-0.19	0.91	7.03	9.20	123.15	
-108.7699	0.0000	-6.6653	115.44	-0.00	115.44	0.08	-0.15	1.09	7.25	8.97	124.30	
-111.7097	0.0000	-5.9378	117.65	-0.00	117.65	0.14	-0.10	0.88	7.45	8.83	117.81	
-113.6012	0.0000	-3.8152	117.42	-0.00	117.42	0.24	-0.28	0.75	7.57	8.74	118.32	
-113.4768	0.0000	0.2513	113.23	-0.00	113.23	0.16	0.05	0.87	7.57	8.73	114.05	
-109.8762	0.0000	7.2478	102.63	-0.00	102.63	0.04	0.01	0.84	7.33	8.72	113.76	
-102.2205	0.0000	15.4600	86.76	-0.00	86.76	-0.06	-0.16	1.08	6.81	8.74	110.62	
-91.4488	0.0000	21.7016	69.75	-0.00	69.75	-0.05	0.01	1.22	6.10	8.80	109.59	
-78.3709	0.0000	26.6624	51.71	-0.00	51.71	0.01	0.04	1.01	5.22	8.83	113.51	
-64.5191	0.0000	28.1403	36.38	-0.00	36.38	-0.10	-0.10	1.08	4.30	8.87	112.16	
-50.6446	0.0000	28.3004	22.34	-0.00	22.34	-0.24	-0.09	1.01	3.38	8.86	119.51	
-38.4708	0.0000	24.7313	13.74	-0.00	13.74	0.05	0.09	0.87	2.56	8.80	118.27	
-25.3654	0.0000	26.6975	-1.33	-0.00	-1.33	0.09	-0.04	0.91	1.69	8.74	115.32	
-11.7803	0.0000	27.6120	-15.83	-0.00	-15.83	0.13	0.15	0.92	0.79	8.74	114.00	
2.5784	0.0000	29.2592	-31.84	-0.00	-31.84	-0.03	-0.13	1.02	-0.17	8.79	106.53	
16.6253	0.0000	28.5140	-45.14	-0.00	-45.14	0.01	0.06	0.99	-1.11	8.85	105.51	
29.6690	0.0000	26.5848	-56.25	-0.00	-56.25	-0.04	0.01	1.05	-1.98	8.92	89.72	
42.3106	0.0000	25.7171	-68.03	-0.00	-68.03	0.08	-0.10	0.96	-2.82	9.02	89.49	
52.9134	0.0000	21.5930	-74.51	-0.00	-74.51	-0.02	-0.07	1.03	-3.53	9.10	83.76	
63.5572	0.0000	21.6400	-85.20	-0.00	-85.20	-0.01	0.00	0.99	-4.24	9.17	83.77	
72.9667	0.0000	19.1553	-92.12	-0.00	-92.12	0.03	0.08	0.87	-4.86	9.22	82.02	
82.4154	0.0000	19.2217	-101.64	-0.00	-101.64	-0.36	-0.19	1.04	-5.49	9.26	82.12	
89.7373	0.0000	14.6769	-104.41	-0.00	-104.41	-0.07	-0.05	0.92	-5.98	9.16	80.29	
96.0385	0.0000	12.5821	-108.62	-0.00	-108.62	-0.22	-0.22	0.98	-6.40	8.97	80.95	
100.8325	0.0000	9.6089	-110.44	-0.00	-110.44	-0.18	-0.07	0.97	-6.72	8.66	75.55	
106.0704	0.0000	10.4609	-116.53	-0.00	-116.53	-0.31	-0.33	0.93	-7.07	8.23	76.93	
112.0913	0.0000	12.0678	-124.16	-0.00	-124.16	-0.21	-0.37	0.84	-7.47	7.71	72.37	
116.3970	0.0000	8.6052	-125.00	-0.00	-125.00	-0.30	-0.36	0.93	-7.76	7.14	74.10	
118.7836	0.0000	4.7747	-123.56	-0.00	-123.56	-0.03	-0.44	0.91	-7.92	6.52	67.80	
118.4806	0.0000	-0.6050	-117.88	-0.00	-117.88	-0.11	-0.24	1.05	-7.90	5.87	64.51	
116.6955	0.0000	-3.5818	-113.11	-0.00	-113.11	0.01	-0.37	1.06	-7.78	5.20	66.20	
113.8952	0.0000	-5.5916	-108.30	-0.00	-108.30	-0.01	-0.29	1.06	-7.59	4.52	62.14	
110.2140	0.0000	-7.3648	-102.85	-0.00	-102.85	0.00	-0.32	0.89	-7.35	3.82	63.73	
106.0189	0.0000	-8.3889	-97.63	-0.00	-97.63	-0.06	-0.29	0.89	-7.07	3.13	55.19	
101.3314	0.0000	-9.5499	-91.78	-0.00	-91.78	0.00	-0.18	0.88	-6.76	2.44	56.46	
97.0069	0.0000	-8.7889	-88.22	-0.00	-88.22	-0.14	-0.18	0.93	-6.47	1.74	53.03	
92.1220	0.0000	-9.9619	-82.16	-0.00	-82.16	-0.05	-0.19	0.95	-6.14	1.03	54.34	
87.2868	0.0000	-9.8132	-77.47	-0.00	-77.47	-0.05	-0.27	0.85	-5.82	0.28	46.88	
81.7031	0.0000	-11.3847	-70.32	-0.00	-70.32	-0.09	-0.09	0.91	-5.45	-0.52	48.12	
76.0860	0.0000	-11.4125	-64.67	-0.00	-64.67	-0.01	-0.08	1.02	-5.07	-1.35	39.17	
70.5904	0.0000	-11.2007	-59.39	-0.00	-59.39	-0.12	0.02	1.26	-4.71	-2.18	40.19	
65.5155	0.0000	-10.3169	-55.20	-0.00	-55.20	0.06	-0.08	1.08	-4.37	-3.02	29.56	
60.1445	0.0000	-10.9359	-49.21	-0.00	-49.21	-0.14	-0.02	1.15	-4.01	-3.82	30.00	
54.9100	0.0000	-10.6656	-44.24	-0.00	-44.24	-0.13	-0.22	1.03	-3.66	-4.62	18.04	
49.1539	0.0000	-11.7397	-37.41	-0.00	-37.41	-0.05	-0.04	0.95	-3.28	-5.43	17.50	
43.5549	0.0000	-11.3712	-32.18	-0.00	-32.18	-0.08	-0.23	0.91	-2.90	-6.25	4.78	
37.3579	0.0000	-12.6252	-24.73	-0.00	-24.73	0.07	0.10	0.89	-2.49	-7.04	2.95	
31.3618	0.0000	-12.1848	-19.18	-0.00	-19.18	0.14	0.03	0.92	-2.09	-7.73	-10.24	
25.5176	0.0000	-11.9068	-13.61	-0.00	-13.61	0.36	0.12	0.94	-1.70	-8.32	-12.89	
20.3891	0.0000	-10.4318	-9.96	-0.00	-9.96	0.18	-0.17	0.96	-1.36	-8.76	-21.45	
15.1946	0.0000	-10.5809	-4.61	-0.00	-4.61	0.26	-0.12	0.89	-1.01	-9.05	-23.47	
8.9764	0.0000	-12.6151	3.64	-0.00	3.64	0.19	-0.01	0.88	-0.60	-9.19	-29.34	
2.2702	0.0000	-13.6519	11.38	-0.00	11.38	0.15	0.02	1.00	-0.15	-9.22	-31.11	
-3.3770	0.0000	-11.4780	14.86	-0.00	14.86	0.29	0.21	1.00	0.23	-9.11	-36.92	
-8.5530	0.0000	-10.5537	19.11	-0.00	19.11	0.05	0.16	1.01	0.57	-8.88	-37.48	
-12.9581	0.0000	-8.9472	21.91	-0.00	21.91	0.07	0.14	1.00	0.86	-8.57	-42.71	
-18.0312	0.0000	-10.3346	28.37	-0.00	28.37	-0.04	0.15	0.97	1.20	-8.20	-42.70	
-23.3208	0.0000	-10.7512	34.07	-0.00	34.07	0.02	0.12	0.88	1.55	-7.81	-47.16	
-29.0789	0.0000	-11.7287	40.81	-0.00	40.81	0.09	0.08	0.91	1.94	-7.38	-46.95	
-34.7002	0.0000	-11.4278	46.13	-0.00	46.13	0.14	0.22	0.99	2.31	-6.84	-49.92	
-39.2673	0.0000	-9.3111	48.58	-0.00	48.58	-0.12	0.17	1.07	2.62	-6.23	-52.73	
-43.0349	0.0000	-7.6576	50.69	-0.00	50.69	-0.01	-0.01	1.09	2.87	-5.59	-51.53	
-46.7686	0.0000	-7.6009	54.37	-0.00	54.37	-0.13	0.08	1.07	3.12	-4.91	-60.63	
-49.5862	0.0000	-5.7263	55.31	-0.00	55.31	0.02	-0.03	0.95	3.31	-4.21	-59.06	
-51.8621	0.0000	-4.6363	56.50	-0.00	56.50	-0.08	0.03	0.94	3.46	-3.47	-65.73	
-53.4779	0.0000	-3.2841	56.76	-0.00	56.76	0.07	0.17	0.93	3.57	-2.80	-64.10	
-52.8887	0.0000	1.2007	51.69	-0.00	51.69	0.03	0.06	1.01	3.53	-2.12	-72.82	
-50.3428	0.0000	5.1704	45.17	-0.00	45.17	-0.12	0.12	1.13	3.36	-1.46	-70.77	
-46.9696	0.0000	6.8825	40.09	-0.00	40.09	0.08	-0.03	1.04	3.13	-0.88	-81.19	
-43.0862	0.0000	7.8823	35.20	-0.00	35.20	-0.21	-0.11	1.18	2.87	-0.29	-79.45	
-39.3330	0.0000	7.6562	31.68	-0.00	31.68	0.01	-0.09	1.04	2.62	0.23	-85.75	
-35.1851	0.0000	8.4191	26.77	-0.00	26.77	0.01	-0.10	1.10	2.35	0.74	-84.25	
-30.7929	0.0000	8.9378	21.86	-0.00	21.86	-0.11	-0.08	1.07	2.05	1.20	-87.42	
-26.2211	0.0000	9.3096	16.91	-0.00	16.91	-0.17	-0.13	1.04	1.75	1.60	-86.31	
-20.8720	0.0000	10.9022	9.97	-0.00	9.97	-0.16	0.05	1.06	1.39	1.88	-91.19	
-15.1360	0.0000	11.6402	3.50	-0.00	3.50	-0.14	-0.15	1.06	1.01	2.05	-90.77	
-9.0142	0.0000	12.4808	-3.47	-0.00	-3.47	-0.27	-0.12	1.10	0.60	2.12	-93.15	
-3.4570	0.0000	11.2952	-7.84	-0.00	-7.84	-0.20	-0.01	1.05	0.23	2.09	-93.29	
2.5532	0.0000	12.2339	-14.79	-0.00	-14.79	-0.22	0.00	1.08	-0.17	1.92	-94.11	
8.7569	0.0000	12.6091	-21.37	-0.00	-21.37	-0.07	-0.11	1.06	-0.58	1.62	-94.98	
15.3877	0.0000	13.5012	-28.89	-0.00	-28.89	-0.06	0.08	1.08	-1.03	1.28	-94.39	
23.2652	0.0000	16.0221	-39.29	-0.00	-39.29	-0.05	0.04	1.05	-1.55	0.90	-95.55	
31.8956	0.0000	17.5813	-49.48	-0.00	-49.48	-0.10	0.08	1.08	-2.13	0.50	-93.20	
41.8805	0.0000	20.2925	-62.17	-0.00	-62.17	-0.22	0.16	1.07	-2.79	0.11	-94.51	
52.7728	0.0000	22.2196	-74.99	-0.00	-74.99	-0.23	0.22	1.08	-3.52	-0.24	-87.25	
66.1531	0.0000	27.2199	-93.37	-0.00	-93.37	-0.19	0.26	1.04	-4.41	-0.51	-88.00	
80.5339	0.0000	29.2811	-109.82	-0.00	-109.82	-0.20	0.31	1.04	-5.37	-0.66	-91.52	
97.2709	0.0000	33.4200	-130.69	-0.00	-130.69	-0.19	0.06	0.92	-6.48	-0.65	-91.62	
114.1372	0.0000	33.7566	-147.89	-0.00	-147.89	-0.30	0.38	0.97	-7.61	-0.47	-94.16	
130.9400	0.0000	33.6067	-164.55	-0.00	-164.55	-0.24	0.30	0.78	-8.73	-0.17	-93.47	
147.1005	0.0000	32.3439	-179.44	-0.00	-179.44	-0.18	0.34	0.78	-9.81	0.26	-98.74	
162.6810	0.0000	31.1379	-193.82	-0.00	-193.82	-0.21	0.26	0.77	-10.85	0.82	-97.59	
175.6123	0.0000	25.8986	-201.51	-0.00	-201.51	-0.19	0.12	0.78	-11.71	1.52	-103.67	
185.2326	0.0000	19.0823	-204.31	-0.00	-204.31	-0.07	0.03	0.80	-12.35	2.32	-111.55	
192.4891	0.0000	14.4020	-206.89	-0.00	-206.89	-0.12	-0.09	0.79	-12.83	3.26	-109.94	
195.8704	0.0000	6.7052	-202.58	-0.00	-202.58	-0.11	0.07	0.75	-13.06	4.31	-120.06	
196.6366	0.0000	1.5221	-198.16	-0.00	-198.16	-0.31	-0.14	0.82	-13.11	5.45	-117.92	
195.7060	0.0000	-1.8437	-193.86	-0.00	-193.86	-0.49	-0.19	1.00	-13.05	6.62	-125.53	
191.6504	0.0000	-8.0591	-183.59	-0.00	-183.59	-0.52	-0.40	0.96	-12.78	7.76	-123.14	
185.6641	0.0000	-11.8650	-173.80	-0.00	-173.80	-0.45	-0.20	0.94	-12.38	8.92	-134.07	
179.7236	0.0000	-11.8073	-167.92	-0.00	-167.92	-0.35	-0.04	0.95	-11.98	10.01	-131.78	
174.0362	0.0000	-11.2639	-162.77	-0.00	-162.77	-0.43	-0.12	1.00	-11.60	11.07	-141.94	
168.9925	0.0000	-10.0169	-158.98	-0.00	-158.98	-0.65	-0.14	1.28	-11.27	12.05	-140.19	
165.6640	0.0000	-6.6010	-159.06	-0.00	-159.06	-0.33	0.27	1.02	-11.04	12.98	-148.64	
164.9315	0.0000	-1.4533	-163.48	-0.00	-163.48	-0.55	0.03	0.89	-11.00	13.86	-147.66	
167.6821	0.0000	5.4611	-173.14	-0.00	-173.14	-0.70	0.07	0.77	-11.18	14.58	-161.56	
172.8462	0.0000	10.2572	-183.10	-0.00	-183.10	-0.42	0.08	0.69	-11.52	15.11	-162.04	
180.7890	0.0000	15.7550	-196.54	-0.00	-196.54	-0.34	0.00	0.78	-12.05	15.50	-171.91	
190.2248	0.0000	18.7109	-208.94	-0.00	-208.94	-0.64	0.07	0.95	-12.68	15.80	-173.18	
200.7592	0.0000	20.8916	-221.65	-0.00	-221.65	-0.53	-0.23	1.00	-13.38	15.98	177.25	
210.3263	0.0000	19.1646	-229.49	-0.00	-229.49	-0.54	-0.31	0.90	-14.02	16.11	175.96	
218.3436	0.0000	16.0336	-234.38	-0.00	-234.38	-0.55	-0.33	1.03	-14.56	16.09	167.59	
224.1108	0.0000	11.5527	-235.66	-0.00	-235.66	-0.32	-0.42	0.81	-14.94	16.12	161.53	
227.4254	0.0000	6.6229	-234.05	-0.00	-234.05	-0.76	-0.51	0.81	-15.16	16.03	161.25	
228.9193	0.0000	2.9922	-231.91	-0.00	-231.91	-0.33	-0.39	0.70	-15.26	15.83	157.60	
227.5768	0.0000	-2.6820	-224.89	-0.00	-224.89	-0.45	-0.15	0.77	-15.17	15.49	158.01	
226.5004	0.0000	-2.1505	-224.35	-0.00	-224.35	-0.35	-0.41	0.85	-15.10	14.97	153.68	
223.3061	0.0000	-6.3901	-216.92	-0.00	-216.92	-0.38	-0.29	0.91	-14.89	14.40	154.46	
219.2660	0.0000	-8.0930	-211.17	-0.00	-211.17	-0.22	-0.28	0.90	-14.62	13.81	150.54	
214.2677	0.0000	-9.9900	-204.28	-0.00	-204.28	-0.27	-0.14	0.90	-14.28	13.26	151.46	
209.1412	0.0000	-10.2573	-198.88	-0.00	-198.88	-0.35	-0.23	1.00	-13.94	12.73	150.59	
204.1030	0.0000	-10.0817	-194.02	-0.00	-194.02	-0.23	-0.18	0.82	-13.61	12.23	151.44	
198.5980	0.0000	-11.0252	-187.57	-0.00	-187.57	-0.26	-0.16	0.79	-13.24	11.72	149.61	
193.1127	0.0000	-10.9625	-182.15	-0.00	-182.15	-0.15	-0.17	0.82	-12.87	11.24	150.49	
187.2948	0.0000	-11.6543	-175.64	-0.00	-175.64	-0.22	-0.07	0.84	-12.49	10.78	148.41	
181.3753	0.0000	-11.8199	-169.56	-0.00	-169.56	-0.29	-0.16	0.85	-12.09	10.35	149.28	
174.8848	0.0000	-13.0104	-161.87	-0.00	-161.87	-0.33	-0.15	0.84	-11.66	9.97	147.18	
167.7626	0.0000	-14.2352	-153.53	-0.00	-153.53	-0.13	-0.06	0.88	-11.18	9.60	148.09	
160.1670	0.0000	-15.2006	-144.97	-0.00	-144.97	-0.26	-0.00	0.88	-10.68	9.35	147.00	
151.0790	0.0000	-18.1573	-132.92	-0.00	-132.92	-0.04	0.30	0.78	-10.07	9.13	147.90	
147.4450	0.0000	-7.2667	-140.18	-0.00	-140.18	0.03	1.35	0.68	-9.83	9.04	146.34	
146.9718	0.0000	-0.9465	-146.03	-0.00	-146.03	-0.13	0.91	0.97	-9.80	9.11	146.31	
151.4416	0.0000	8.9625	-160.40	-0.00	-160.40	0.42	1.01	0.91	-10.10	9.44	144.79	
156.8454	0.0000	10.7985	-167.64	-0.00	-167.64	-0.35	0.61	1.10	-10.46	9.90	142.61	
163.0087	0.0000	12.3450	-175.35	-0.00	-175.35	0.00	0.41	0.91	-10.87	10.44	141.65	
169.7254	0.0000	13.4065	-183.13	-0.00	-183.13	-0.44	0.49	1.10	-11.32	11.05	137.63	
175.3400	0.0000	11.2427	-186.58	-0.00	-186.58	-0.32	0.36	0.96	-11.69	11.61	136.67	
181.1043	0.0000	11.5378	-192.64	-0.00	-192.64	-0.45	0.11	0.97	-12.07	12.19	133.55	
184.9854	0.0000	7.7782	-192.76	-0.00	-192.76	-0.24	0.35	0.88	-12.33	12.73	132.74	
189.8386	0.0000	9.7012	-199.54	-0.00	-199.54	-0.37	0.28	0.96	-12.66	13.30	128.43	
195.6089	0.0000	11.5544	-207.16	-0.00	-207.16	-0.53	0.41	1.18	-13.04	13.86	127.52	
203.6847	0.0000	16.1427	-219.83	-0.00	-219.83	-0.39	0.40	1.12	-13.58	14.45	122.59	
214.6567	0.0000	21.9659	-236.62	-0.00	-236.62	-0.64	0.23	1.17	-14.31	15.00	121.52	
225.7566	0.0000	22.1942	-247.95	-0.00	-247.95	-0.22	0.11	1.03	-15.05	15.59	117.74	
237.2550	0.0000	23.0265	-260.28	-0.00	-260.28	-0.51	0.31	1.14	-15.82	16.21	116.68	
248.8872	0.0000	23.2517	-272.14	-0.00	-272.14	-0.40	0.19	1.14	-16.59	16.85	113.30	
262.6253	0.0000	27.4266	-290.05	-0.00	-290.05	-0.53	0.14	1.07	-17.51	17.51	112.20	
275.9744	0.0000	26.6811	-302.66	-0.00	-302.66	-0.20	0.09	0.88	-18.40	18.15	109.37	
290.2468	0.0000	28.5982	-318.84	-0.00	-318.84	-0.19	-0.09	0.85	-19.35	18.81	108.36	