-13.72114,
-13.63370,
-13.58288,
-13.52246,
-13.71849,
-13.75746,
-13.80156,
-13.89721,
-13.88218,
-13.90074,
-13.95930,
-13.93524,
-13.87907,
-13.75295,
-13.66160,
-13.60335,
-13.46222,
-13.31103,
-13.19962,
-12.99693,
-12.74604,
-12.53886,
-12.36065,
-12.17189,
-11.90381,
-11.56711,
-11.28939,
-10.98423,
-10.71975,
-10.44161,
-10.18113,
-9.93502,
-9.64610,
-9.37708,
-9.03683,
-8.75494,
-8.42177,
-8.09227,
-7.72402,
-7.35626,
-7.09700,
-6.66458,
-6.30158,
-5.87098,
-5.51208,
-5.16816,
-4.72945,
-4.47437,
-4.02889,
-3.65258,
-3.31886,
-2.86929,
-2.56412,
-2.19500,
-1.87472,
-1.51309,
-1.16732,
-0.83240,
-0.46195,
-0.12808,
0.00000,
0.03606,
0.31779,
0.67776,
0.98243,
1.29906,
1.67535,
1.98002,
2.30326,
2.56409,
2.72421,
2.87801,
3.13250,
3.34998,
3.61134,
3.88318,
4.06314,
4.28768,
4.52329,
4.84151,
5.13025,
5.42242,
5.73913,
6.03617,
6.22647,
6.44861,
6.67696,
6.72722,
6.88558,
7.10563,
7.40959,
7.60028,
7.93829,
8.16200,
8.42392,
8.63455,
8.90562,
9.20263,
9.42480,
9.68365,
10.01316,
10.14912,
10.34838,
10.71831,
10.89750,
11.18167,
11.40019,
11.62569,
11.84148,
12.20264,
12.39223,
12.64639,
12.86253,
13.18582,
13.47001,
13.60485,
13.95679,
14.23185,
14.41451,
14.59313,
14.81693,
14.90254,
15.09613,
15.25195,
15.60366,
15.70921,
16.03128,
16.22275,
16.41951,
16.52809,
16.72282,
16.97103,
17.20069,
17.52001,
17.84098,
18.16746,
18.39807,
18.60772,
18.85070,
18.92807,
19.00714,
19.10963,
19.06166,
19.09479,
19.11949,
19.13515,
19.22447,
19.12585,
19.10675,
19.12717,
19.00123,
18.92344,
18.94226,
18.84652,
18.75782,
18.66755,
18.61905,
18.47261,
18.26113,
18.19204,
18.00122,
17.89234,
17.81424,
17.61174,
17.58618,
17.41210,
17.25406,
17.23832,
16.98516,
16.84798,
16.71818,
16.49123,
16.38952,
16.20681,
16.10697,
15.91593,
15.80762,
15.68122,
15.42707,
15.43603,
15.26742,
15.13209,
15.08906,
14.92016,
14.80056,
14.61641,
14.40428,
14.32551,
14.02820,
13.86355,
13.80265,
13.51826,
13.41070,
13.21327,
13.07342,
12.96167,
12.77973,
12.83736,
12.58540,
12.49686,
12.48822,
12.29680,
12.20865,
12.05288,
11.87315,
11.74335,
11.52732,
11.46615,
11.42058,
11.33694,
11.29141,
11.24382,
11.05424,
10.93883,
10.79331,
10.74523,
10.60791,
10.58341,
10.67208,
10.44663,
10.34972,
10.36514,
10.20945,
10.16942,
10.14073,
9.97776,
9.89759,
9.78293,
9.63393,
9.57166,
9.52170,
9.47665,
9.43303,
9.40434,
9.30235,
9.21668,
9.27842,
9.21846,
9.12705,
9.17500,
9.11657,
8.97564,
8.92182,
8.84869,
8.78605,
8.81495,
8.70216,
8.69139,
8.73350,
8.60358,
8.54685,
8.56466,
8.45289,
8.49777,
8.45199,
8.43906,
8.51926,
8.45400,
8.35201,
8.41521,
8.34023,
8.34088,
8.41052,
8.33938,
8.42585,
8.39440,
8.34542,
8.30727,
8.33783,
8.26718,
8.34657,
8.27651,
8.23167,
8.29492,
8.22335,
8.19588,
8.20757,
8.24610,
8.16978,
8.23808,
8.18744,
8.14968,
8.16439,
8.03880,
7.90738,
7.92630,
7.91236,
7.92760,
7.90939,
7.81322,
7.90947,
7.97352,
7.80998,
7.82634,
7.76627,
7.73332,
7.83759,
7.73439,
7.64517,
7.67593,
7.55698,
7.50352,
7.54769,
7.24874,
7.26075,
7.23168,
7.16194,
7.23481,
7.18062,
7.06518,
7.14992,
7.13901,
7.04620,
7.07826,
6.86516,
6.80607,
6.83416,
6.79055,
6.72875,
6.76339,
6.62548,
6.65457,
6.74449,
6.51599,
6.47741,
6.38026,
6.27910,
6.38371,
6.42431,
6.25226,
6.32248,
6.24815,
6.09843,
6.19571,
5.97431,
5.80216,
5.75153,
5.70691,
5.73475,
5.78256,
5.73214,
5.63591,
5.60121,
5.51304,
5.30969,
5.12986,
5.01299,
4.92957,
4.92908,
5.05281,
4.89598,
4.81171,
4.93385,
4.80848,
4.59050,
4.47664,
4.32591,